0       345844
10      400764
20      406078
30      352658
40      378579
50      360497
60      290523
70      409880
80      555267
90      328544
100     433543
110     515375
120     441608
130     427264
140     347188
150     602005
160     419678
170     303852
180     432541
190     525432
200     404288
210     514035
220     509904
230     399129
240     482670
250     330205
260     413944
270     388848
280     279635
290     255654
300     385010
310     195694
320     401116
330     568523
340     441365
350     425457
360     335050
370     346109
380     389073
390     359670
400     275347
410     351231
420     257990
430     439762
440     369306
450     230455
460     215249
470     128004
480     180274
490     259249
500     267969
510     266553
520     483773
530     190425
540     276134
550     325504
560     424868
570     416518
580     609586
590     414484
600     579695
610     349589
620     331501
630     507072
640     501571
650     541498
660     313243
670     219870
680     651512
690     292334
700     415115
710     345004
720     166420
730     187778
740     643172
750     244212
760     192585
770     792597
780     658711
790     1021873
800     346217
810     342014
820     322664
830     453478
840     423671
850     601061
860     378771
870     461329
880     328443
890     270227
900     260817
910     138059
920     226566
930     106178
940     337708
950     414041
960     211777
970     153387
980     150844
990     884004
1000    551567
1010    462552
1020    711260
1030    702472
1040    233061
1050    327784
1060    441840
1070    332381
1080    317456
1090    200910
