BY4742, 0, Depth, 100.0 200.0 300.0 400.0 500.0 600.0 700.0 800.0 900.0, 0 0 0 0 0 0 0 0 0, 22.0 5.0 28.0 37.0 37.0 18.0 7.0 22.0 34.0, 0 1
chr01, 6648, C->A, 1.100 2.100 3.100 4.100 5.100 6.100 7.100 8.100 9.100, 1 0 5 7 0 3 1 2 9, 21 3 24 41 18 16 8 19 31, 0 1
chr01, 12601, A->T, 1.100 2.100 3.100 4.100 5.100 6.100 7.100 8.100 9.100, 1 0 0 6 1 2 0 6 2, 25 5 19 27 31 15 4 24 28, 0 1
chr01, 26203, T->C, 1.100 2.100 3.100 4.100 5.100 6.100 7.100 8.100 9.100, 1 0 7 3 5 2 1 4 0, 30 8 29 34 45 22 6 26 33, 0 1
chr01, 85268, C->A, 1.100 2.100 3.100 4.100 5.100 6.100 7.100 8.100 9.100, 0 0 4 8 5 0 0 0 1, 32 11 22 53 57 24 10 18 34, 0.488457 0.193548
chr01, 113248, G->A, 1.100 2.100 3.100 4.100 5.100 6.100 7.100 8.100 9.100, 0 0 0 0 0 2 1 8 7, 31 16 34 59 57 18 4 20 40, 1.32266 0.023529
chr01, 176599, C->A, 1.100 2.100 3.100 4.100 5.100 6.100 7.100 8.100 9.100, 1 0 1 5 10 1 1 1 2, 30 6 28 48 56 24 6 28 38, 0.245679 0.387833
chr02, 1931, T->G, 1.100 2.100 3.100 4.100 5.100 6.100 7.100 8.100 9.100, 9 0 1 6 1 0 1 2 12, 265 1 10 16 10 5 6 9 104, 0 1
chr02, 122420, C->A, 1.100 2.100 3.100 4.100 5.100 6.100 7.100 8.100 9.100, 0 0 7 5 1 0 1 1 2, 15 4 30 29 29 11 2 13 23, 0 1
chr02, 270677, T->A, 1.100 2.100 3.100 4.100 5.100 6.100 7.100 8.100 9.100, 1 0 1 2 5 1 0 5 3, 20 6 24 35 38 13 6 22 28, 0.239782 0.228188
chr02, 274149, G->T, 1.100 2.100 3.100 4.100 5.100 6.100 7.100 8.100 9.100, 1 1 2 9 1 1 1 0 7, 20 9 31 34 26 12 3 15 29, 0 1
chr02, 274181, G->T, 1.100 2.100 3.100 4.100 5.100 6.100 7.100 8.100 9.100, 1 0 4 13 3 2 0 2 6, 22 4 28 36 20 14 3 19 26, 0 1
chr02, 434332, C->A, 1.100 2.100 3.100 4.100 5.100 6.100 7.100 8.100 9.100, 1 1 1 5 5 2 2 7 4, 21 9 28 45 44 33 11 32 41, 0 0.64557
chr02, 522364, G->T, 1.100 2.100 3.100 4.100 5.100 6.100 7.100 8.100 9.100, 0 1 3 6 4 7 0 1 2, 25 11 40 34 30 25 7 26 22, 0 0.528497
chr02, 537050, G->A, 1.100 2.100 3.100 4.100 5.100 6.100 7.100 8.100 9.100, 0 1 4 1 2 7 0 4 7, 30 7 39 36 45 33 12 30 52, 0.24025 0.432203
chr02, 537059, G->A, 1.100 2.100 3.100 4.100 5.100 6.100 7.100 8.100 9.100, 0 1 4 2 3 8 0 3 7, 31 7 40 35 53 35 11 31 49, 0 1
chr02, 600411, G->T, 1.100 2.100 3.100 4.100 5.100 6.100 7.100 8.100 9.100, 0 0 1 3 6 3 1 8 5, 19 5 27 36 45 16 8 32 30, 0.435217 0.103448
chr02, 804995, C->A, 1.100 2.100 3.100 4.100 5.100 6.100 7.100 8.100 9.100, 1 1 4 5 11 1 2 1 5, 20 14 39 47 47 21 12 34 47, 0 1
chr03, 249339, G->T, 1.100 2.100 3.100 4.100 5.100 6.100 7.100 8.100 9.100, 0 0 1 11 6 0 0 0 4, 44 8 40 51 71 21 15 32 53, 0 1
chr04, 1130867, C->T, 1.100 2.100 3.100 4.100 5.100 6.100 7.100 8.100 9.100, 0 1 3 5 6 5 0 1 2, 23 8 30 58 43 23 7 27 37, 0.22219 0.293103
chr04, 1308556, C->A, 1.100 2.100 3.100 4.100 5.100 6.100 7.100 8.100 9.100, 0 1 6 2 5 2 0 2 0, 27 8 24 32 45 24 3 21 36, 0 1
chr04, 1468506, C->A, 1.100 2.100 3.100 4.100 5.100 6.100 7.100 8.100 9.100, 0 0 4 7 6 0 0 3 7, 12 5 20 26 30 11 9 14 23, 0 1
chr04, 1518942, G->T, 1.100 2.100 3.100 4.100 5.100 6.100 7.100 8.100 9.100, 0 1 3 3 2 5 0 2 6, 18 6 45 49 31 22 5 27 43, 0.234956 0.295652
chr04, 205624, A->G, 1.100 2.100 3.100 4.100 5.100 6.100 7.100 8.100 9.100, 1 0 2 1 5 1 1 5 2, 26 7 48 61 69 28 11 30 53, 0 1
chr04, 384434, A->T, 1.100 2.100 3.100 4.100 5.100 6.100 7.100 8.100 9.100, 0 0 3 1 5 6 0 2 3, 20 5 27 31 35 23 8 16 41, 0.220711 0.50495
chr04, 384921, A->C, 1.100 2.100 3.100 4.100 5.100 6.100 7.100 8.100 9.100, 0 0 1 5 5 0 0 0 2, 16 3 21 27 34 11 4 12 33, 0.46681 0.330097
chr04, 428744, G->T, 1.100 2.100 3.100 4.100 5.100 6.100 7.100 8.100 9.100, 2 2 2 5 4 3 0 8 9, 43 15 32 58 49 19 5 34 58, 0.391842 0.126238
chr04, 587951, C->A, 1.100 2.100 3.100 4.100 5.100 6.100 7.100 8.100 9.100, 0 0 3 5 3 2 0 5 1, 33 5 43 59 50 23 14 22 27, 0 1
chr04, 601123, C->A, 1.100 2.100 3.100 4.100 5.100 6.100 7.100 8.100 9.100, 0 0 5 5 1 5 1 0 3, 25 5 29 22 21 22 6 21 35, 0 1
chr04, 748601, C->A, 1.100 2.100 3.100 4.100 5.100 6.100 7.100 8.100 9.100, 0 1 2 5 6 5 0 0 4, 21 7 16 40 28 20 3 15 31, 0 1
chr04, 765308, C->T, 1.100 2.100 3.100 4.100 5.100 6.100 7.100 8.100 9.100, 1 1 2 3 7 3 3 0 8, 23 11 35 44 47 26 14 26 38, 0 1
chr04, 765321, A->T, 1.100 2.100 3.100 4.100 5.100 6.100 7.100 8.100 9.100, 1 2 1 3 7 3 3 1 8, 30 14 39 47 46 26 14 25 35, 0 0.383459
chr04, 843350, A->G, 1.100 2.100 3.100 4.100 5.100 6.100 7.100 8.100 9.100, 0 0 0 0 0 2 0 7 6, 32 7 28 47 42 23 5 20 36, 1.23198 0.026403
chr04, 892527, G->T, 1.100 2.100 3.100 4.100 5.100 6.100 7.100 8.100 9.100, 1 1 0 6 5 2 0 1 6, 20 10 16 36 30 15 4 17 23, 0 1
chr04, 929232, C->A, 1.100 2.100 3.100 4.100 5.100 6.100 7.100 8.100 9.100, 0 0 1 5 5 1 0 0 1, 12 2 20 27 22 11 3 10 9, 0.400157 0.245192
chr05, 1969, G->C, 1.100 2.100 3.100 4.100 5.100 6.100 7.100 8.100 9.100, 1 0 5 5 2 2 1 1 1, 21 0 28 19 37 15 7 25 44, 0.497813 0.216102
chr05, 21365, C->A, 1.100 2.100 3.100 4.100 5.100 6.100 7.100 8.100 9.100, 1 0 5 5 6 1 2 1 3, 20 8 34 47 23 23 13 24 33, 0 0.582857
chr05, 190319, C->T, 1.100 2.100 3.100 4.100 5.100 6.100 7.100 8.100 9.100, 0 0 0 1 0 0 3 6 13, 20 16 47 37 44 16 9 21 44, 1.12227 0.115909
chr05, 304750, C->A, 1.100 2.100 3.100 4.100 5.100 6.100 7.100 8.100 9.100, 0 1 1 3 4 2 2 6 7, 15 11 33 30 30 15 10 26 27, 0.495098 0.163724
chr05, 401753, C->A, 1.100 2.100 3.100 4.100 5.100 6.100 7.100 8.100 9.100, 0 0 1 5 6 0 0 1 8, 14 3 22 42 46 10 4 16 31, 0.268314 0.387833
chr05, 401781, C->A, 1.100 2.100 3.100 4.100 5.100 6.100 7.100 8.100 9.100, 0 0 2 3 5 0 0 3 7, 17 3 25 43 40 14 5 18 32, 0.188006 0.398438
chr05, 554319, T->A, 1.100 2.100 3.100 4.100 5.100 6.100 7.100 8.100 9.100, 0 1 4 5 4 5 0 4 3, 30 11 44 56 52 21 8 31 43, 0.276439 0.203187
chr06, 57952, C->A, 1.100 2.100 3.100 4.100 5.100 6.100 7.100 8.100 9.100, 0 0 0 10 3 1 0 6 2, 24 4 40 49 50 20 5 42 43, 0 1
chr06, 97682, T->A, 1.100 2.100 3.100 4.100 5.100 6.100 7.100 8.100 9.100, 1 1 3 6 3 1 0 7 3, 30 9 39 59 44 20 8 31 42, 0 1
chr06, 97684, C->A, 1.100 2.100 3.100 4.100 5.100 6.100 7.100 8.100 9.100, 1 0 7 5 2 1 0 2 3, 30 9 37 61 46 20 8 31 42, 0 1
chr06, 226149, G->A, 1.100 2.100 3.100 4.100 5.100 6.100 7.100 8.100 9.100, 0 0 1 3 6 2 1 5 6, 13 6 24 39 42 21 5 21 31, 0.453488 0.148905
chr07, 121074, C->A, 1.100 2.100 3.100 4.100 5.100 6.100 7.100 8.100 9.100, 0 0 5 1 2 1 1 2 5, 25 7 25 52 53 20 17 37 46, 0 1
chr07, 124428, C->A, 1.100 2.100 3.100 4.100 5.100 6.100 7.100 8.100 9.100, 1 0 1 5 2 2 2 1 6, 28 8 34 54 40 21 10 30 32, 0 1
chr07, 158922, A->T, 1.100 2.100 3.100 4.100 5.100 6.100 7.100 8.100 9.100, 1 0 0 5 4 6 2 2 2, 24 4 37 58 36 24 6 40 34, 0.0726216 0.34
chr07, 290863, G->T, 1.100 2.100 3.100 4.100 5.100 6.100 7.100 8.100 9.100, 1 0 6 3 8 0 0 0 0, 23 13 38 55 63 26 16 42 54, 0.371329 0.290598
chr07, 519126, T->A, 1.100 2.100 3.100 4.100 5.100 6.100 7.100 8.100 9.100, 1 0 2 5 3 0 0 3 9, 24 1 19 31 29 29 8 20 32, 0 1
chr07, 519317, C->A, 1.100 2.100 3.100 4.100 5.100 6.100 7.100 8.100 9.100, 1 0 4 0 5 1 1 5 4, 21 5 31 36 45 13 11 23 34, 0 1
chr07, 848649, C->A, 1.100 2.100 3.100 4.100 5.100 6.100 7.100 8.100 9.100, 1 0 1 5 8 5 0 1 3, 22 5 29 38 53 20 10 16 35, 0.36726 0.192453
chr07, 899819, C->A, 1.100 2.100 3.100 4.100 5.100 6.100 7.100 8.100 9.100, 2 1 2 6 6 6 2 4 4, 40 18 27 45 39 18 9 22 47, 0.383269 0.0938362
chr07, 990280, G->T, 1.100 2.100 3.100 4.100 5.100 6.100 7.100 8.100 9.100, 1 0 2 1 8 2 0 1 5, 28 5 43 44 38 9 4 23 38, 0 0.60355
chr08, 122070, C->A, 1.100 2.100 3.100 4.100 5.100 6.100 7.100 8.100 9.100, 0 1 5 0 4 2 2 1 5, 27 11 26 48 62 25 6 40 49, 0 1
chr08, 126162, C->A, 1.100 2.100 3.100 4.100 5.100 6.100 7.100 8.100 9.100, 0 0 4 5 4 3 0 6 3, 10 2 19 28 34 14 6 15 19, 0 1
chr08, 189136, T->A, 1.100 2.100 3.100 4.100 5.100 6.100 7.100 8.100 9.100, 0 0 6 13 13 1 0 1 4, 25 5 24 49 57 16 5 22 34, 0.297544 0.277174
chr08, 298836, C->A, 1.100 2.100 3.100 4.100 5.100 6.100 7.100 8.100 9.100, 1 0 2 5 5 3 0 4 2, 26 2 20 36 31 12 11 23 34, 0.238763 0.304478
chr09, 23593, A->T, 1.100 2.100 3.100 4.100 5.100 6.100 7.100 8.100 9.100, 1 1 0 1 5 10 0 2 1, 36 6 51 59 41 40 19 34 48, 0.715114 0.182796
chr09, 25384, A->T, 1.100 2.100 3.100 4.100 5.100 6.100 7.100 8.100 9.100, 1 0 2 6 7 1 0 0 3, 23 3 25 27 35 16 0 22 28, 0.388455 0.361702
chr09, 51608, C->A, 1.100 2.100 3.100 4.100 5.100 6.100 7.100 8.100 9.100, 2 0 1 6 14 2 0 5 6, 44 10 37 43 55 11 11 34 62, 0.304228 0.128463
chr09, 246024, A->T, 1.100 2.100 3.100 4.100 5.100 6.100 7.100 8.100 9.100, 1 0 5 2 3 1 0 3 6, 22 6 17 32 24 10 3 17 26, 0 1
chr09, 249674, C->A, 1.100 2.100 3.100 4.100 5.100 6.100 7.100 8.100 9.100, 1 0 7 5 6 2 1 6 5, 21 4 26 45 40 17 12 32 43, 0 1
chr09, 370251, G->T, 1.100 2.100 3.100 4.100 5.100 6.100 7.100 8.100 9.100, 0 2 3 7 3 0 1 2 10, 15 10 20 34 24 9 7 13 24, 0 1
chr09, 370254, G->T, 1.100 2.100 3.100 4.100 5.100 6.100 7.100 8.100 9.100, 0 2 3 6 5 0 1 1 7, 15 10 20 34 24 9 8 13 22, 0 1
chr09, 385622, C->A, 1.100 2.100 3.100 4.100 5.100 6.100 7.100 8.100 9.100, 0 1 6 1 1 5 0 0 1, 24 9 32 31 32 22 5 12 23, 0 1
chr10, 71276, G->T, 1.100 2.100 3.100 4.100 5.100 6.100 7.100 8.100 9.100, 0 0 2 2 3 6 2 0 7, 12 5 19 42 23 23 11 13 34, 0 1
chr10, 109934, T->A, 1.100 2.100 3.100 4.100 5.100 6.100 7.100 8.100 9.100, 0 1 6 1 2 1 0 1 7, 16 6 32 31 36 23 6 25 47, 0 1
chr10, 330224, C->G, 1.100 2.100 3.100 4.100 5.100 6.100 7.100 8.100 9.100, 1 0 2 3 6 2 1 5 2, 20 6 29 37 41 14 7 21 21, 0.196746 0.492754
chr10, 360923, C->A, 1.100 2.100 3.100 4.100 5.100 6.100 7.100 8.100 9.100, 0 0 4 1 7 6 1 1 2, 17 4 21 23 20 20 5 18 20, 0 1
chr10, 570719, G->T, 1.100 2.100 3.100 4.100 5.100 6.100 7.100 8.100 9.100, 1 0 5 7 5 1 0 0 1, 22 5 36 32 37 17 11 23 29, 0.478308 0.232346
chr10, 580286, C->A, 1.100 2.100 3.100 4.100 5.100 6.100 7.100 8.100 9.100, 1 0 0 5 6 1 0 2 2, 22 4 10 22 45 9 7 20 22, 0 1
chr10, 587805, C->T, 1.100 2.100 3.100 4.100 5.100 6.100 7.100 8.100 9.100, 0 0 0 6 4 1 0 5 0, 29 5 34 44 60 25 10 19 36, 0 1
chr10, 587808, G->T, 1.100 2.100 3.100 4.100 5.100 6.100 7.100 8.100 9.100, 1 0 1 8 5 3 1 5 2, 28 5 35 42 58 23 10 18 37, 0 0.317757
chr10, 639979, G->T, 1.100 2.100 3.100 4.100 5.100 6.100 7.100 8.100 9.100, 0 1 2 0 3 3 1 5 6, 20 8 24 27 30 19 7 20 37, 0.355113 0.163462
chr10, 712664, G->A, 1.100 2.100 3.100 4.100 5.100 6.100 7.100 8.100 9.100, 1 1 4 6 1 8 0 1 4, 60 13 72 74 74 35 15 44 50, 0 1
chr10, 714977, C->A, 1.100 2.100 3.100 4.100 5.100 6.100 7.100 8.100 9.100, 1 1 5 3 4 3 2 6 10, 27 10 31 38 31 22 10 26 32, 0.286857 0.406375
chr10, 715088, A->T, 1.100 2.100 3.100 4.100 5.100 6.100 7.100 8.100 9.100, 1 0 3 9 7 3 2 4 6, 26 10 17 29 28 15 7 31 38, 0.235291 0.386364
chr10, 715106, A->T, 1.100 2.100 3.100 4.100 5.100 6.100 7.100 8.100 9.100, 0 0 0 6 2 4 1 5 4, 24 6 17 29 28 15 4 27 34, 0 1
chr11, 617597, C->A, 1.100 2.100 3.100 4.100 5.100 6.100 7.100 8.100 9.100, 0 0 2 6 5 0 2 2 1, 17 2 20 23 20 13 9 17 12, 0.208011 0.419753
chr11, 617612, C->A, 1.100 2.100 3.100 4.100 5.100 6.100 7.100 8.100 9.100, 1 0 3 4 5 6 0 3 1, 24 3 21 27 18 19 9 22 13, 0.327986 0.352941
chr12, 64359, G->C, 1.100 2.100 3.100 4.100 5.100 6.100 7.100 8.100 9.100, 0 0 2 5 4 2 0 5 2, 17 5 30 36 47 24 15 22 40, 0 1
chr12, 1047923, A->T, 1.100 2.100 3.100 4.100 5.100 6.100 7.100 8.100 9.100, 1 0 5 5 2 0 2 4 2, 37 7 34 48 54 18 10 21 40, 0 1
chr12, 1059628, G->T, 1.100 2.100 3.100 4.100 5.100 6.100 7.100 8.100 9.100, 0 0 1 1 5 0 0 1 6, 21 5 30 20 67 17 7 19 35, 0.277533 0.350515
chr12, 179751, C->T, 1.100 2.100 3.100 4.100 5.100 6.100 7.100 8.100 9.100, 0 0 3 4 6 1 0 1 9, 14 0 19 30 31 16 4 16 32, 0 1
chr12, 196766, C->G, 1.100 2.100 3.100 4.100 5.100 6.100 7.100 8.100 9.100, 0 0 2 6 3 0 0 5 2, 12 0 21 32 30 13 3 16 18, 0 1
chr12, 259735, C->A, 1.100 2.100 3.100 4.100 5.100 6.100 7.100 8.100 9.100, 1 0 5 2 5 0 0 5 1, 24 2 29 34 36 24 6 23 23, 0 1
chr12, 322046, G->T, 1.100 2.100 3.100 4.100 5.100 6.100 7.100 8.100 9.100, 0 0 0 7 0 1 0 5 2, 34 6 18 60 32 18 12 30 38, 0 1
chr12, 402709, G->T, 1.100 2.100 3.100 4.100 5.100 6.100 7.100 8.100 9.100, 0 0 1 6 10 1 1 1 5, 39 6 39 65 54 30 4 26 50, 0 1
chr12, 513962, G->T, 1.100 2.100 3.100 4.100 5.100 6.100 7.100 8.100 9.100, 1 0 3 4 5 4 1 6 9, 21 2 18 40 30 17 5 20 49, 0.207914 0.269129
chr12, 539679, C->A, 1.100 2.100 3.100 4.100 5.100 6.100 7.100 8.100 9.100, 0 0 1 2 5 0 0 5 1, 32 5 47 48 51 21 9 31 32, 0 1
chr12, 657925, G->T, 1.100 2.100 3.100 4.100 5.100 6.100 7.100 8.100 9.100, 0 2 3 2 6 2 0 5 3, 15 10 28 40 46 15 12 19 53, 0 0.520408
chr12, 759068, C->A, 1.100 2.100 3.100 4.100 5.100 6.100 7.100 8.100 9.100, 0 1 5 4 9 3 1 2 4, 26 5 18 49 54 19 9 19 34, 0 1
chr12, 759075, C->A, 1.100 2.100 3.100 4.100 5.100 6.100 7.100 8.100 9.100, 0 0 5 4 8 3 0 2 1, 25 5 20 45 51 18 9 16 31, 0 0.423237
chr12, 804383, A->C, 1.100 2.100 3.100 4.100 5.100 6.100 7.100 8.100 9.100, 0 0 2 5 8 0 0 1 2, 11 3 14 23 29 11 10 5 18, 0 1
chr12, 804389, T->G, 1.100 2.100 3.100 4.100 5.100 6.100 7.100 8.100 9.100, 0 0 2 8 7 2 1 1 1, 10 3 14 24 28 10 10 5 19, 0.26487 0.366906
chr12, 937385, C->A, 1.100 2.100 3.100 4.100 5.100 6.100 7.100 8.100 9.100, 1 0 2 6 7 2 0 1 0, 23 10 20 40 29 20 6 36 26, 0.541297 0.324841
chr13, 571274, T->A, 1.100 2.100 3.100 4.100 5.100 6.100 7.100 8.100 9.100, 0 0 4 9 4 2 2 3 8, 22 2 31 22 27 15 6 17 23, 0 1
chr13, 571277, T->A, 1.100 2.100 3.100 4.100 5.100 6.100 7.100 8.100 9.100, 1 0 4 7 6 3 2 3 8, 22 2 32 24 27 15 7 19 22, 0.142555 0.307229
chr13, 571291, C->A, 1.100 2.100 3.100 4.100 5.100 6.100 7.100 8.100 9.100, 1 0 5 5 3 2 0 1 7, 24 3 38 32 41 18 9 19 28, 0 1
chr13, 571333, T->A, 1.100 2.100 3.100 4.100 5.100 6.100 7.100 8.100 9.100, 0 0 5 6 6 2 2 4 11, 28 5 43 36 52 26 10 24 41, 0.0669165 0.554348
chr13, 609644, C->A, 1.100 2.100 3.100 4.100 5.100 6.100 7.100 8.100 9.100, 0 0 5 5 1 0 0 3 0, 12 7 27 38 38 17 4 23 42, 0 1
chr14, 26737, T->C, 1.100 2.100 3.100 4.100 5.100 6.100 7.100 8.100 9.100, 0 0 3 1 9 2 0 5 1, 28 8 40 39 51 27 7 22 33, 0 1
chr14, 187651, T->A, 1.100 2.100 3.100 4.100 5.100 6.100 7.100 8.100 9.100, 0 1 8 0 5 5 0 0 3, 14 6 30 22 38 20 6 12 25, 0 1
chr14, 198251, T->A, 1.100 2.100 3.100 4.100 5.100 6.100 7.100 8.100 9.100, 1 0 1 6 7 6 1 1 1, 29 7 24 37 33 26 9 19 43, 0.529607 0.191011
chr14, 721029, C->A, 1.100 2.100 3.100 4.100 5.100 6.100 7.100 8.100 9.100, 1 0 1 5 6 8 2 2 1, 22 6 37 57 36 36 14 15 32, 0.437166 0.120141
chr14, 721945, C->A, 1.100 2.100 3.100 4.100 5.100 6.100 7.100 8.100 9.100, 0 0 4 1 3 3 0 5 7, 18 7 26 28 25 16 4 23 19, 0.326575 0.277174
chr15, 115033, A->T, 1.100 2.100 3.100 4.100 5.100 6.100 7.100 8.100 9.100, 1 0 5 1 5 6 0 2 3, 55 14 65 49 66 24 20 29 48, 0 1
chr15, 290559, G->T, 1.100 2.100 3.100 4.100 5.100 6.100 7.100 8.100 9.100, 0 0 9 2 6 0 1 4 10, 12 2 31 26 40 22 8 20 53, 0 1
chr15, 290569, G->T, 1.100 2.100 3.100 4.100 5.100 6.100 7.100 8.100 9.100, 0 0 6 2 4 2 1 1 5, 12 2 29 27 40 23 9 21 53, 0 1
chr15, 537282, C->A, 1.100 2.100 3.100 4.100 5.100 6.100 7.100 8.100 9.100, 0 0 6 11 3 2 1 3 3, 27 5 22 43 23 27 6 39 24, 0.226517 0.441558
chr15, 550589, C->A, 1.100 2.100 3.100 4.100 5.100 6.100 7.100 8.100 9.100, 0 0 5 5 7 4 1 3 3, 20 1 26 36 35 13 7 21 31, 0.0895034 0.269841
chr15, 955278, G->T, 1.100 2.100 3.100 4.100 5.100 6.100 7.100 8.100 9.100, 0 0 1 0 5 2 1 0 7, 26 5 27 41 43 23 7 27 40, 0 1
chr15, 955281, C->T, 1.100 2.100 3.100 4.100 5.100 6.100 7.100 8.100 9.100, 1 0 3 1 6 3 1 1 9, 26 5 26 39 42 23 7 26 39, 0 1
chr15, 955283, C->T, 1.100 2.100 3.100 4.100 5.100 6.100 7.100 8.100 9.100, 1 0 4 3 6 3 1 1 10, 26 5 26 39 42 23 7 26 39, 0 1
chr15, 955285, G->T, 1.100 2.100 3.100 4.100 5.100 6.100 7.100 8.100 9.100, 1 0 3 1 7 2 1 1 10, 26 5 25 39 41 23 8 27 38, 0 1
chr15, 955287, C->A, 1.100 2.100 3.100 4.100 5.100 6.100 7.100 8.100 9.100, 1 0 4 3 7 4 1 2 13, 26 5 26 40 41 23 8 27 38, 0 1
chr15, 955294, A->T, 1.100 2.100 3.100 4.100 5.100 6.100 7.100 8.100 9.100, 1 0 3 3 7 4 1 1 11, 24 5 25 44 41 24 8 26 39, 0 1
chr15, 955297, C->G, 1.100 2.100 3.100 4.100 5.100 6.100 7.100 8.100 9.100, 1 0 4 2 6 2 1 1 9, 27 5 24 47 41 24 8 25 40, 0 1
chr15, 955304, C->G, 1.100 2.100 3.100 4.100 5.100 6.100 7.100 8.100 9.100, 1 0 4 3 9 4 1 2 14, 25 7 24 49 40 25 8 24 40, 0 1
chr15, 984646, C->A, 1.100 2.100 3.100 4.100 5.100 6.100 7.100 8.100 9.100, 1 1 3 3 5 1 1 6 2, 21 10 27 41 43 10 10 27 31, 0 1
chr16, 74116, G->T, 1.100 2.100 3.100 4.100 5.100 6.100 7.100 8.100 9.100, 1 0 1 2 8 4 2 9 1, 25 11 33 43 48 30 8 40 45, 0 0.261538
chr16, 74200, T->A, 1.100 2.100 3.100 4.100 5.100 6.100 7.100 8.100 9.100, 1 0 3 3 4 1 0 8 5, 28 6 23 41 45 18 7 34 39, 0 1
chr16, 538205, G->T, 1.100 2.100 3.100 4.100 5.100 6.100 7.100 8.100 9.100, 0 1 2 1 5 0 0 0 6, 29 9 39 65 67 19 5 31 34, 0 1
chr16, 558011, G->T, 1.100 2.100 3.100 4.100 5.100 6.100 7.100 8.100 9.100, 1 0 2 2 5 3 0 3 6, 22 7 34 45 45 13 8 20 49, 0.41147 0.137466
chr16, 615198, T->A, 1.100 2.100 3.100 4.100 5.100 6.100 7.100 8.100 9.100, 0 0 8 0 3 3 0 1 5, 16 1 34 34 26 26 3 13 22, 0 1
chr16, 620244, C->A, 1.100 2.100 3.100 4.100 5.100 6.100 7.100 8.100 9.100, 1 0 6 8 2 1 1 1 2, 21 4 24 53 35 19 8 30 35, 0.259922 0.320755
chr16, 646270, C->A, 1.100 2.100 3.100 4.100 5.100 6.100 7.100 8.100 9.100, 0 0 4 4 6 6 2 1 2, 16 3 22 32 25 20 9 18 29, 0.288683 0.262887
chr16, 695595, G->T, 1.100 2.100 3.100 4.100 5.100 6.100 7.100 8.100 9.100, 0 0 1 5 4 2 0 1 7, 20 2 22 38 40 16 12 21 28, 0 1
chr16, 819638, A->T, 1.100 2.100 3.100 4.100 5.100 6.100 7.100 8.100 9.100, 1 0 10 4 7 4 0 3 7, 23 8 32 47 47 17 6 22 44, 0 1
chr16, 869002, G->T, 1.100 2.100 3.100 4.100 5.100 6.100 7.100 8.100 9.100, 0 0 1 2 7 2 0 6 1, 10 7 18 33 27 14 3 23 11, 0.126345 0.60355
chr02, 84398, indel;+A;-1;+AA;-3;-2, 1.100 2.100 3.100 4.100 5.100 6.100 7.100 8.100 9.100, 1 0 6 11 9 6 0 6 8, 20 3 29 33 48 12 5 21 31, 0 0.406375
chr02, 307442, indel;+A;-1;-2, 1.100 2.100 3.100 4.100 5.100 6.100 7.100 8.100 9.100, 0 0 7 6 1 1 1 1 1, 29 3 28 53 27 28 7 18 25, 0 1
chr02, 486601, indel;-2;-1;-3;+T, 1.100 2.100 3.100 4.100 5.100 6.100 7.100 8.100 9.100, 0 1 4 6 2 1 4 5 2, 10 6 25 20 18 14 8 28 17, 0 1
chr02, 648550, indel;+A;-1;+AA, 1.100 2.100 3.100 4.100 5.100 6.100 7.100 8.100 9.100, 1 0 3 4 1 2 0 6 6, 27 5 38 31 32 21 9 18 40, 0.383156 0.269841
chr04, 116123, indel;+A;-1;+AA;-2, 1.100 2.100 3.100 4.100 5.100 6.100 7.100 8.100 9.100, 0 0 9 3 12 5 1 2 9, 21 6 28 34 49 19 8 17 31, 0 1
chr04, 117449, indel;+A;-1, 1.100 2.100 3.100 4.100 5.100 6.100 7.100 8.100 9.100, 2 0 9 1 0 1 2 1 5, 42 10 57 81 72 33 10 32 72, 0 1
chr04, 1441037, indel;-1;+T, 1.100 2.100 3.100 4.100 5.100 6.100 7.100 8.100 9.100, 1 0 1 4 8 3 1 6 1, 51 5 29 68 54 30 8 30 46, 0 0.230248
chr04, 240138, indel;-4;-2;-6;+ATAT;+AT, 1.100 2.100 3.100 4.100 5.100 6.100 7.100 8.100 9.100, 0 0 3 11 4 9 0 5 4, 35 9 58 84 58 24 12 38 57, 0 1
chr04, 310293, indel;+A;-1;+AA, 1.100 2.100 3.100 4.100 5.100 6.100 7.100 8.100 9.100, 0 0 2 2 7 6 0 6 4, 22 5 16 38 29 25 5 16 19, 0.227969 0.125
chr04, 835639, indel;+A;-1;-2, 1.100 2.100 3.100 4.100 5.100 6.100 7.100 8.100 9.100, 1 0 3 7 4 4 2 1 5, 20 7 11 26 28 12 9 20 20, 0 1
chr04, 887097, indel;+A;-1;+AA;-3;-2, 1.100 2.100 3.100 4.100 5.100 6.100 7.100 8.100 9.100, 0 0 5 5 4 2 0 5 9, 17 4 31 46 15 14 9 27 25, 0 1
chr05, 411535, indel;-1;+T, 1.100 2.100 3.100 4.100 5.100 6.100 7.100 8.100 9.100, 1 0 0 5 7 2 0 0 4, 36 3 21 35 26 19 7 11 29, 0.435823 0.327974
chr05, 497840, indel;+A;-1;-2, 1.100 2.100 3.100 4.100 5.100 6.100 7.100 8.100 9.100, 1 1 9 11 6 3 0 1 14, 21 10 24 65 64 33 4 22 59, 0 1
chr06, 16574, indel;+TT;-1;+T, 1.100 2.100 3.100 4.100 5.100 6.100 7.100 8.100 9.100, 1 0 5 2 5 4 1 1 3, 42 8 28 51 52 20 17 41 55, 0 1
chr06, 107684, indel;+A;-1;+AA, 1.100 2.100 3.100 4.100 5.100 6.100 7.100 8.100 9.100, 1 0 3 7 2 3 0 4 14, 25 6 34 59 42 19 4 32 34, 0.264521 0.210744
chr07, 98776, indel;-2;-1;+T, 1.100 2.100 3.100 4.100 5.100 6.100 7.100 8.100 9.100, 0 0 1 3 7 5 0 1 5, 15 3 34 26 46 22 2 12 41, 0.424096 0.187156
chr07, 526818, indel;+A;-1;+AA;+AAA;-2, 1.100 2.100 3.100 4.100 5.100 6.100 7.100 8.100 9.100, 1 0 13 15 7 4 5 1 9, 23 12 50 65 60 34 13 33 59, 0.122251 0.474419
chr07, 911812, indel;+A;-1;+AA, 1.100 2.100 3.100 4.100 5.100 6.100 7.100 8.100 9.100, 0 0 5 5 0 1 0 0 4, 12 7 21 31 40 13 6 20 41, 0 1
chr07, 959779, indel;-4;+AT;-8;-2, 1.100 2.100 3.100 4.100 5.100 6.100 7.100 8.100 9.100, 0 0 3 5 2 5 1 3 1, 40 5 46 47 50 26 8 13 44, 0 0.582857
chr08, 59082, indel;+TT;-2;-1;+T, 1.100 2.100 3.100 4.100 5.100 6.100 7.100 8.100 9.100, 0 1 8 18 5 0 0 3 3, 26 7 31 41 40 10 3 27 27, 0.215267 0.485714
chr08, 193542, indel;+TT;-2;-1;+T, 1.100 2.100 3.100 4.100 5.100 6.100 7.100 8.100 9.100, 1 0 5 9 3 0 0 4 10, 21 4 17 36 26 16 7 20 40, 0.0517247 0.474419
chr08, 379940, indel;+A;-1;-2, 1.100 2.100 3.100 4.100 5.100 6.100 7.100 8.100 9.100, 0 0 6 1 5 0 0 0 0, 18 1 24 26 28 16 2 24 36, 0 1
chr09, 88738, indel;+TT;-2;-1;+T, 1.100 2.100 3.100 4.100 5.100 6.100 7.100 8.100 9.100, 0 1 0 5 5 2 1 1 10, 28 6 35 54 43 28 5 29 52, 0.10241 0.412955
chr09, 259955, indel;+A;-1, 1.100 2.100 3.100 4.100 5.100 6.100 7.100 8.100 9.100, 0 0 0 5 3 0 0 6 8, 24 5 38 47 41 26 11 31 43, 0.458346 0.308157
chr09, 347779, indel;+A;-1;+AA;-2, 1.100 2.100 3.100 4.100 5.100 6.100 7.100 8.100 9.100, 1 1 4 4 7 7 1 1 5, 30 12 33 59 46 30 6 31 35, 0 1
chr10, 99623, indel;+A;-1;+AA, 1.100 2.100 3.100 4.100 5.100 6.100 7.100 8.100 9.100, 0 0 3 6 5 3 0 0 9, 14 10 36 23 23 18 4 29 29, 0 1
chr10, 122104, indel;+A;-1;-2, 1.100 2.100 3.100 4.100 5.100 6.100 7.100 8.100 9.100, 0 0 2 2 7 8 0 3 2, 20 3 37 23 53 23 12 31 27, 0.386247 0.129936
chr10, 159429, indel;+A;-1;+AA;+AAA;-2, 1.100 2.100 3.100 4.100 5.100 6.100 7.100 8.100 9.100, 1 0 10 6 13 5 2 1 3, 20 5 37 41 37 14 14 32 25, 0 0.403162
chr10, 469691, indel;+A;-1;+AA;-2, 1.100 2.100 3.100 4.100 5.100 6.100 7.100 8.100 9.100, 1 0 3 6 6 8 2 1 5, 28 17 46 53 49 33 8 22 53, 0 0.607143
chr10, 585633, indel;+A;-1;+AA, 1.100 2.100 3.100 4.100 5.100 6.100 7.100 8.100 9.100, 0 0 8 3 16 2 0 2 6, 21 5 46 60 68 31 5 28 50, 0 1
chr10, 618031, indel;-2;-1;+T, 1.100 2.100 3.100 4.100 5.100 6.100 7.100 8.100 9.100, 0 0 9 6 2 3 0 3 2, 25 2 33 45 34 20 5 17 26, 0 1
chr10, 641891, indel;+A;-1;+AA;-2, 1.100 2.100 3.100 4.100 5.100 6.100 7.100 8.100 9.100, 0 0 3 6 6 1 0 0 8, 10 9 24 40 32 16 10 20 34, 0 1
chr11, 371529, indel;+A;-1, 1.100 2.100 3.100 4.100 5.100 6.100 7.100 8.100 9.100, 0 0 1 4 5 5 2 2 1, 33 7 35 62 51 16 9 38 56, 0.603456 0.128302
chr12, 121725, indel;+TT;T+TT;-1;+T, 1.100 2.100 3.100 4.100 5.100 6.100 7.100 8.100 9.100, 1 0 3 7 5 1 0 1 1, 21 2 32 29 29 12 5 14 32, 0.358406 0.364286
chr12, 757585, indel;+TT;+A;-1;+T, 1.100 2.100 3.100 4.100 5.100 6.100 7.100 8.100 9.100, 0 2 6 5 1 6 0 3 2, 24 10 25 42 22 23 6 31 38, 0 1
chr13, 104551, indel;-1;+T, 1.100 2.100 3.100 4.100 5.100 6.100 7.100 8.100 9.100, 1 1 1 6 5 0 0 1 2, 22 11 33 35 46 24 16 22 55, 0 1
chr13, 331971, indel;+A;-1;+AA;-2, 1.100 2.100 3.100 4.100 5.100 6.100 7.100 8.100 9.100, 1 0 0 7 2 2 1 1 6, 24 12 22 31 39 22 3 20 29, 0 1
chr13, 861205, indel;+A;-1;+AA;+AAA, 1.100 2.100 3.100 4.100 5.100 6.100 7.100 8.100 9.100, 0 1 3 5 3 4 0 2 7, 14 7 28 26 23 18 4 13 20, 0.242743 0.443478
chr14, 69094, indel;+A;-1;-2, 1.100 2.100 3.100 4.100 5.100 6.100 7.100 8.100 9.100, 0 0 2 6 5 4 0 5 2, 25 5 36 56 44 24 9 22 37, 0.286566 0.193916
chr14, 258261, indel;+A;-1;+AA;-2, 1.100 2.100 3.100 4.100 5.100 6.100 7.100 8.100 9.100, 1 0 5 3 2 0 0 6 1, 30 7 24 37 38 22 9 23 35, 0 1
chr14, 373677, indel;+A;-1;+AA;-3, 1.100 2.100 3.100 4.100 5.100 6.100 7.100 8.100 9.100, 1 1 6 7 7 0 2 3 14, 26 7 51 51 57 32 14 26 50, 0 1
chr14, 382225, indel;+A;-1;-2, 1.100 2.100 3.100 4.100 5.100 6.100 7.100 8.100 9.100, 0 0 1 7 2 2 1 1 5, 16 3 22 33 34 16 8 19 40, 0 1
chr14, 639016, indel;+AA;-1;+A, 1.100 2.100 3.100 4.100 5.100 6.100 7.100 8.100 9.100, 1 1 6 2 4 3 1 8 3, 42 15 51 69 79 22 12 40 68, 0 1
chr15, 94613, indel;+A;-1;-2, 1.100 2.100 3.100 4.100 5.100 6.100 7.100 8.100 9.100, 0 2 7 2 8 5 0 3 3, 26 10 42 38 27 16 5 26 31, 0 0.520408
chr15, 189467, indel;+TT;-2;-1;+T, 1.100 2.100 3.100 4.100 5.100 6.100 7.100 8.100 9.100, 0 0 6 4 9 1 0 2 2, 12 0 15 17 26 5 4 9 14, 0 1
chr15, 276968, indel;-1;+T, 1.100 2.100 3.100 4.100 5.100 6.100 7.100 8.100 9.100, 1 0 2 4 1 7 0 1 5, 39 17 50 47 56 38 9 34 45, 0 1
chr15, 884136, indel;+A;-1, 1.100 2.100 3.100 4.100 5.100 6.100 7.100 8.100 9.100, 0 0 0 5 7 4 1 6 0, 14 8 18 37 46 18 10 20 22, 0.276996 0.189591
chr15, 892458, indel;+A;-1;+T, 1.100 2.100 3.100 4.100 5.100 6.100 7.100 8.100 9.100, 1 0 5 6 9 4 0 0 3, 29 12 21 64 54 14 17 15 36, 0 0.344595
chr16, 181192, indel;+TT;-2;-1;-3;+T, 1.100 2.100 3.100 4.100 5.100 6.100 7.100 8.100 9.100, 0 0 5 8 2 0 2 1 4, 10 1 14 19 14 6 4 10 20, 0 1
chr16, 259607, indel;+TT;-1;+T, 1.100 2.100 3.100 4.100 5.100 6.100 7.100 8.100 9.100, 0 0 4 5 5 0 1 7 3, 14 5 21 32 41 14 5 28 22, 0 1
