BY4742, 0, Depth, 100.0 200.0 300.0 400.0 500.0 600.0 700.0 800.0 900.0 1000.0, 0 0 0 0 0 0 0 0 0 0, 25.0 26.0 25.0 24.0 33.0 25.0 36.0 31.0 20.0 26.0, 0 1
chr01, 51202, A->G, 1.100 2.100 3.100 4.100 5.100 6.100 7.100 8.100 9.100 10.100, 0 0 0 0 0 0 0 0 11 8, 22 34 38 24 38 35 50 57 27 21, 1.69152 0.029296
chr01, 108759, C->A, 1.100 2.100 3.100 4.100 5.100 6.100 7.100 8.100 9.100 10.100, 0 1 3 7 4 2 12 8 4 1, 19 13 19 28 31 29 49 30 26 18, 0.207003 0.495146
chr01, 128141, C->A, 1.100 2.100 3.100 4.100 5.100 6.100 7.100 8.100 9.100 10.100, 1 2 7 4 2 2 5 5 5 4, 27 21 33 25 31 18 27 29 18 20, 0.190757 1
chr01, 191255, C->G, 1.100 2.100 3.100 4.100 5.100 6.100 7.100 8.100 9.100 10.100, 0 0 2 1 5 0 5 3 3 0, 24 13 16 22 29 19 54 57 40 40, 0 1
chr01, 192484, G->T, 1.100 2.100 3.100 4.100 5.100 6.100 7.100 8.100 9.100 10.100, 0 1 4 4 1 3 5 7 1 5, 14 20 15 27 23 28 40 39 24 15, 0 1
chr01, 192523, T->A, 1.100 2.100 3.100 4.100 5.100 6.100 7.100 8.100 9.100 10.100, 0 4 2 7 3 2 8 7 0 1, 15 25 16 27 18 32 46 42 22 20, 0.0821405 1
chr01, 192525, G->T, 1.100 2.100 3.100 4.100 5.100 6.100 7.100 8.100 9.100 10.100, 0 1 1 0 5 7 7 5 1 1, 16 25 15 27 19 32 44 41 22 20, 0.420981 0.158879
chr01, 206105, T->C, 1.100 2.100 3.100 4.100 5.100 6.100 7.100 8.100 9.100 10.100, 0 6 1 2 1 3 5 2 1 1, 18 30 21 10 23 26 66 37 22 33, 0 1
chr02, 1835, C->G, 1.100 2.100 3.100 4.100 5.100 6.100 7.100 8.100 9.100 10.100, 0 1 4 3 3 3 11 6 1 4, 19 20 36 13 38 33 109 70 25 34, 0 1
chr02, 1844, A->C, 1.100 2.100 3.100 4.100 5.100 6.100 7.100 8.100 9.100 10.100, 1 3 6 0 8 5 14 10 0 1, 20 22 43 12 39 40 106 77 24 32, 0 1
chr02, 1844, A->G, 1.100 2.100 3.100 4.100 5.100 6.100 7.100 8.100 9.100 10.100, 1 2 6 3 2 6 10 6 0 5, 20 22 43 12 39 40 106 77 24 32, 0 1
chr02, 1850, G->C, 1.100 2.100 3.100 4.100 5.100 6.100 7.100 8.100 9.100 10.100, 0 4 7 0 12 10 22 19 0 1, 20 25 47 14 48 47 113 89 22 32, 0.170499 1
chr02, 1880, A->C, 1.100 2.100 3.100 4.100 5.100 6.100 7.100 8.100 9.100 10.100, 0 5 8 2 4 8 8 8 1 1, 13 87 220 13 138 147 316 226 21 23, 0 0.684564
chr02, 27593, G->T, 1.100 2.100 3.100 4.100 5.100 6.100 7.100 8.100 9.100 10.100, 0 0 1 16 27 34 45 30 1 0, 32 49 46 45 49 45 64 49 44 31, 0.754214 0.030988
chr02, 37541, T->A, 1.100 2.100 3.100 4.100 5.100 6.100 7.100 8.100 9.100 10.100, 0 0 0 0 1 10 12 10 4 9, 26 31 33 25 35 33 69 51 29 50, 0.600018 0.0510069
chr02, 45210, G->T, 1.100 2.100 3.100 4.100 5.100 6.100 7.100 8.100 9.100 10.100, 0 2 1 1 6 3 7 1 1 5, 22 34 20 27 41 32 48 28 19 26, 0 0.582857
chr02, 89917, C->A, 1.100 2.100 3.100 4.100 5.100 6.100 7.100 8.100 9.100 10.100, 0 1 1 3 7 2 6 1 1 1, 26 38 31 18 38 44 41 28 19 31, 0.181272 1
chr02, 174674, G->T, 1.100 2.100 3.100 4.100 5.100 6.100 7.100 8.100 9.100 10.100, 1 2 2 3 5 1 3 3 4 5, 27 17 23 23 29 15 19 24 19 18, 0.203966 1
chr02, 292095, G->T, 1.100 2.100 3.100 4.100 5.100 6.100 7.100 8.100 9.100 10.100, 0 1 2 6 4 6 0 3 1 2, 15 23 27 21 18 17 15 35 21 16, 0.444196 0.160377
chr02, 429297, C->A, 1.100 2.100 3.100 4.100 5.100 6.100 7.100 8.100 9.100 10.100, 2 3 3 6 5 1 3 0 1 3, 41 39 33 34 44 34 40 34 31 35, 0.325616 0.502463
chr02, 434805, C->T, 1.100 2.100 3.100 4.100 5.100 6.100 7.100 8.100 9.100 10.100, 0 0 0 4 12 9 14 18 3 0, 33 30 31 31 41 32 50 59 29 41, 0.658337 0.0500245
chr02, 474814, C->A, 1.100 2.100 3.100 4.100 5.100 6.100 7.100 8.100 9.100 10.100, 1 7 1 2 9 1 8 0 3 2, 32 48 30 24 43 17 27 32 25 25, 0 1
chr02, 486849, A->T, 1.100 2.100 3.100 4.100 5.100 6.100 7.100 8.100 9.100 10.100, 0 0 0 0 0 5 5 4 1 1, 14 22 11 15 28 23 40 34 26 16, 0.422545 0.280992
chr02, 500938, C->A, 1.100 2.100 3.100 4.100 5.100 6.100 7.100 8.100 9.100 10.100, 0 3 9 2 5 1 1 6 1 1, 17 28 25 21 30 11 24 29 14 31, 0 1
chr02, 566829, T->A, 1.100 2.100 3.100 4.100 5.100 6.100 7.100 8.100 9.100 10.100, 1 2 6 2 3 5 2 1 2 2, 30 23 24 26 28 21 18 22 16 10, 0 1
chr02, 624084, C->G, 1.100 2.100 3.100 4.100 5.100 6.100 7.100 8.100 9.100 10.100, 0 2 1 2 4 1 7 1 3 6, 22 21 26 24 45 19 31 32 20 25, 0 1
chr02, 675869, T->A, 1.100 2.100 3.100 4.100 5.100 6.100 7.100 8.100 9.100 10.100, 0 2 0 1 5 1 2 2 2 5, 22 27 31 19 49 29 64 37 36 28, 0 1
chr02, 746724, G->T, 1.100 2.100 3.100 4.100 5.100 6.100 7.100 8.100 9.100 10.100, 0 2 2 2 5 0 5 3 1 1, 21 17 20 18 20 13 19 19 13 11, 0 1
chr02, 773408, G->T, 1.100 2.100 3.100 4.100 5.100 6.100 7.100 8.100 9.100 10.100, 1 3 1 7 5 4 4 3 1 2, 20 24 16 42 31 25 14 30 11 17, 0 0.554348
chr02, 773444, A->T, 1.100 2.100 3.100 4.100 5.100 6.100 7.100 8.100 9.100 10.100, 1 0 1 1 5 1 0 5 0 0, 27 32 19 43 37 32 15 31 12 23, 0 1
chr02, 792074, C->A, 1.100 2.100 3.100 4.100 5.100 6.100 7.100 8.100 9.100 10.100, 0 2 1 1 4 0 5 3 3 6, 17 35 25 25 30 20 24 18 9 17, 0.481436 0.169717
chr02, 792105, G->T, 1.100 2.100 3.100 4.100 5.100 6.100 7.100 8.100 9.100 10.100, 0 0 3 0 6 1 4 2 3 5, 16 16 16 17 16 14 15 11 12 16, 0 1
chr03, 50814, T->A, 1.100 2.100 3.100 4.100 5.100 6.100 7.100 8.100 9.100 10.100, 0 5 1 1 2 1 5 5 5 4, 51 26 30 26 37 38 100 74 48 44, 0 1
chr03, 54908, G->C, 1.100 2.100 3.100 4.100 5.100 6.100 7.100 8.100 9.100 10.100, 0 0 1 0 5 2 1 5 0 2, 19 24 24 21 41 31 24 27 18 17, 0 1
chr03, 98644, T->G, 1.100 2.100 3.100 4.100 5.100 6.100 7.100 8.100 9.100 10.100, 1 1 2 4 2 3 3 5 5 1, 27 21 19 21 30 45 65 74 46 37, 0 1
chr03, 100212, G->T, 1.100 2.100 3.100 4.100 5.100 6.100 7.100 8.100 9.100 10.100, 1 3 1 1 0 1 3 5 1 6, 23 21 33 28 39 14 30 43 23 33, 0.23401 0.563536
chr03, 218748, T->A, 1.100 2.100 3.100 4.100 5.100 6.100 7.100 8.100 9.100 10.100, 1 2 1 2 4 2 5 1 1 5, 27 18 29 17 31 24 48 26 32 24, 0 1
chr04, 1113246, T->A, 1.100 2.100 3.100 4.100 5.100 6.100 7.100 8.100 9.100 10.100, 0 0 0 0 0 7 12 9 1 4, 47 40 40 39 65 48 78 52 26 30, 0.841826 0.0744526
chr04, 1156533, T->A, 1.100 2.100 3.100 4.100 5.100 6.100 7.100 8.100 9.100 10.100, 1 4 0 4 3 5 5 2 6 4, 23 28 12 24 21 21 28 27 22 19, 0 1
chr04, 1190183, G->A, 1.100 2.100 3.100 4.100 5.100 6.100 7.100 8.100 9.100 10.100, 0 2 1 1 5 2 6 2 0 1, 17 35 25 28 49 23 34 37 21 35, 0.238574 0.4
chr04, 1346442, C->T, 1.100 2.100 3.100 4.100 5.100 6.100 7.100 8.100 9.100 10.100, 0 3 1 2 5 3 10 2 0 1, 32 28 23 40 42 34 47 40 18 29, 0 1
chr04, 205603, A->T, 1.100 2.100 3.100 4.100 5.100 6.100 7.100 8.100 9.100 10.100, 2 3 2 8 4 3 11 5 1 3, 49 33 45 34 62 56 117 92 42 59, 0 1
chr04, 221911, A->T, 1.100 2.100 3.100 4.100 5.100 6.100 7.100 8.100 9.100 10.100, 0 0 0 0 0 0 0 1 16 14, 28 25 39 26 50 34 48 41 32 30, 1.52753 0.020303
chr04, 384258, T->A, 1.100 2.100 3.100 4.100 5.100 6.100 7.100 8.100 9.100 10.100, 2 0 3 5 2 3 5 6 0 3, 42 36 36 31 40 50 105 91 38 57, 0.176742 0.492754
chr04, 384270, G->T, 1.100 2.100 3.100 4.100 5.100 6.100 7.100 8.100 9.100 10.100, 2 3 1 5 2 4 9 7 4 7, 42 33 35 25 36 45 104 89 38 57, 0 1
chr04, 384362, A->T, 1.100 2.100 3.100 4.100 5.100 6.100 7.100 8.100 9.100 10.100, 2 2 1 2 5 2 2 5 1 1, 48 39 33 22 31 38 94 86 35 38, 0 1
chr04, 428755, G->T, 1.100 2.100 3.100 4.100 5.100 6.100 7.100 8.100 9.100 10.100, 0 5 2 7 2 4 4 3 0 2, 29 31 35 33 34 24 31 26 19 24, 0 1
chr04, 601015, A->C, 1.100 2.100 3.100 4.100 5.100 6.100 7.100 8.100 9.100 10.100, 2 1 6 0 0 2 8 4 1 2, 43 39 41 35 35 40 106 82 42 59, 0 1
chr04, 601164, T->A, 1.100 2.100 3.100 4.100 5.100 6.100 7.100 8.100 9.100 10.100, 2 3 10 3 7 6 5 4 2 4, 41 41 56 58 77 73 107 116 44 71, 0.163487 0.483412
chr04, 759718, A->C, 1.100 2.100 3.100 4.100 5.100 6.100 7.100 8.100 9.100 10.100, 0 3 2 10 8 5 8 4 3 0, 32 38 31 49 62 41 62 54 27 40, 0 0.356643
chr04, 912342, G->T, 1.100 2.100 3.100 4.100 5.100 6.100 7.100 8.100 9.100 10.100, 2 1 2 0 4 0 6 0 7 1, 42 37 46 40 46 37 80 67 39 49, 0 1
chr04, 929470, C->A, 1.100 2.100 3.100 4.100 5.100 6.100 7.100 8.100 9.100 10.100, 0 6 8 2 4 7 9 0 2 7, 22 41 38 11 32 26 41 27 22 15, 0 1
chr05, 1495, T->G, 1.100 2.100 3.100 4.100 5.100 6.100 7.100 8.100 9.100 10.100, 1 1 1 4 0 2 6 5 1 1, 33 24 34 21 24 38 88 92 24 50, 0 1
chr05, 1503, G->T, 1.100 2.100 3.100 4.100 5.100 6.100 7.100 8.100 9.100 10.100, 1 1 2 0 0 2 10 5 4 0, 35 24 34 22 24 39 89 91 24 52, 0 1
chr05, 1573, T->C, 1.100 2.100 3.100 4.100 5.100 6.100 7.100 8.100 9.100 10.100, 1 1 0 0 0 1 5 0 5 1, 33 15 29 19 14 32 61 49 27 34, 0 1
chr05, 1767, T->G, 1.100 2.100 3.100 4.100 5.100 6.100 7.100 8.100 9.100 10.100, 1 4 2 4 2 3 5 6 2 4, 24 29 22 19 36 38 98 65 26 49, 0 1
chr05, 21365, C->A, 1.100 2.100 3.100 4.100 5.100 6.100 7.100 8.100 9.100 10.100, 1 1 2 4 5 1 4 5 1 0, 32 29 33 42 40 17 32 23 19 10, 0.344962 0.319749
chr05, 193596, G->T, 1.100 2.100 3.100 4.100 5.100 6.100 7.100 8.100 9.100 10.100, 1 2 1 1 0 4 5 4 10 0, 54 50 62 31 46 93 94 65 53 42, 0 0.497561
chr05, 193661, T->A, 1.100 2.100 3.100 4.100 5.100 6.100 7.100 8.100 9.100 10.100, 1 7 1 0 6 3 5 4 2 0, 43 43 61 27 41 74 84 49 47 35, 0 1
chr05, 220339, C->A, 1.100 2.100 3.100 4.100 5.100 6.100 7.100 8.100 9.100 10.100, 0 2 1 1 6 8 5 3 1 1, 32 32 31 23 46 42 43 48 12 25, 0.400777 0.260204
chr05, 230445, C->A, 1.100 2.100 3.100 4.100 5.100 6.100 7.100 8.100 9.100 10.100, 0 0 0 2 10 5 8 7 0 0, 12 33 17 15 33 20 29 28 17 18, 0.712212 0.0801887
chr05, 265161, C->A, 1.100 2.100 3.100 4.100 5.100 6.100 7.100 8.100 9.100 10.100, 1 3 3 4 5 2 8 4 1 1, 40 41 28 37 42 31 24 31 14 22, 0 1
chr05, 336355, G->T, 1.100 2.100 3.100 4.100 5.100 6.100 7.100 8.100 9.100 10.100, 0 1 4 5 6 1 5 2 1 1, 20 25 23 29 36 17 16 23 15 13, 0 1
chr05, 401753, C->A, 1.100 2.100 3.100 4.100 5.100 6.100 7.100 8.100 9.100 10.100, 0 1 2 0 5 2 2 0 2 5, 29 19 19 22 35 15 20 14 16 18, 0 1
chr05, 521871, C->T, 1.100 2.100 3.100 4.100 5.100 6.100 7.100 8.100 9.100 10.100, 0 1 2 5 3 2 5 3 0 4, 18 22 9 12 30 21 29 19 11 19, 0 1
chr06, 1064, A->T, 1.100 2.100 3.100 4.100 5.100 6.100 7.100 8.100 9.100 10.100, 0 0 0 0 3 5 5 1 3 4, 22 9 16 15 29 24 54 40 36 20, 0.386967 0.325879
chr06, 1160, G->A, 1.100 2.100 3.100 4.100 5.100 6.100 7.100 8.100 9.100 10.100, 0 1 2 1 1 2 30 25 3 12, 34 22 32 31 40 63 152 122 53 67, 0.315663 0.218415
chr06, 8710, C->A, 1.100 2.100 3.100 4.100 5.100 6.100 7.100 8.100 9.100 10.100, 1 4 8 4 2 3 6 3 0 0, 48 54 34 39 48 36 45 34 11 17, 0 1
chr06, 14300, T->A, 1.100 2.100 3.100 4.100 5.100 6.100 7.100 8.100 9.100 10.100, 2 1 0 2 6 1 5 1 5 2, 44 27 33 43 51 32 40 29 28 31, 0 1
chr06, 14320, C->A, 1.100 2.100 3.100 4.100 5.100 6.100 7.100 8.100 9.100 10.100, 2 3 3 1 2 5 0 2 7 4, 45 27 35 42 47 31 37 32 26 32, 0 1
chr06, 43966, C->A, 1.100 2.100 3.100 4.100 5.100 6.100 7.100 8.100 9.100 10.100, 0 0 0 0 2 1 0 0 8 11, 27 22 22 30 40 20 50 31 23 23, 1.33908 0.038807
chr06, 54494, G->T, 1.100 2.100 3.100 4.100 5.100 6.100 7.100 8.100 9.100 10.100, 0 3 5 2 10 7 3 3 1 5, 14 21 17 28 34 23 24 20 13 20, 0 1
chr06, 54533, C->A, 1.100 2.100 3.100 4.100 5.100 6.100 7.100 8.100 9.100 10.100, 0 3 1 2 4 2 6 1 1 5, 18 20 17 25 33 22 25 23 14 17, 0 1
chr06, 57902, G->T, 1.100 2.100 3.100 4.100 5.100 6.100 7.100 8.100 9.100 10.100, 0 4 6 3 7 1 1 2 1 2, 16 29 39 23 30 21 17 18 13 10, 0 1
chr06, 111433, G->T, 1.100 2.100 3.100 4.100 5.100 6.100 7.100 8.100 9.100 10.100, 0 3 0 2 2 5 0 5 2 1, 16 18 15 12 16 14 13 19 12 11, 0 1
chr07, 7858, T->A, 1.100 2.100 3.100 4.100 5.100 6.100 7.100 8.100 9.100 10.100, 0 0 0 0 0 0 0 1 11 15, 46 33 36 42 61 28 62 22 18 29, 2.01103 0.00319968
chr07, 77164, A->T, 1.100 2.100 3.100 4.100 5.100 6.100 7.100 8.100 9.100 10.100, 0 3 5 2 1 3 3 5 1 0, 23 30 18 29 20 22 55 46 32 25, 0 1
chr07, 79058, C->A, 1.100 2.100 3.100 4.100 5.100 6.100 7.100 8.100 9.100 10.100, 2 7 1 3 10 2 3 2 2 2, 43 57 32 39 47 30 40 23 16 22, 0 1
chr07, 84779, A->T, 1.100 2.100 3.100 4.100 5.100 6.100 7.100 8.100 9.100 10.100, 0 1 0 5 3 1 1 6 0 1, 42 18 25 22 34 30 25 42 19 14, 0 1
chr07, 1001952, T->A, 1.100 2.100 3.100 4.100 5.100 6.100 7.100 8.100 9.100 10.100, 0 0 0 0 0 1 5 6 3 5, 17 23 19 17 27 19 71 44 16 30, 0.835168 0.0637102
chr07, 1001959, T->A, 1.100 2.100 3.100 4.100 5.100 6.100 7.100 8.100 9.100 10.100, 0 0 0 0 0 1 5 5 4 2, 18 23 21 22 27 22 77 45 16 29, 0.821585 0.0612981
chr07, 1048554, G->T, 1.100 2.100 3.100 4.100 5.100 6.100 7.100 8.100 9.100 10.100, 0 1 0 1 0 2 1 5 5 3, 16 17 13 11 16 17 18 17 19 20, 0.538456 0.360424
chr07, 154553, G->T, 1.100 2.100 3.100 4.100 5.100 6.100 7.100 8.100 9.100 10.100, 0 5 3 3 5 3 5 0 3 2, 18 28 16 22 29 13 12 21 13 27, 0 0.387833
chr07, 158933, C->A, 1.100 2.100 3.100 4.100 5.100 6.100 7.100 8.100 9.100 10.100, 0 5 1 5 1 3 2 3 0 2, 30 44 30 29 36 36 68 41 23 36, 0 1
chr07, 254991, C->T, 1.100 2.100 3.100 4.100 5.100 6.100 7.100 8.100 9.100 10.100, 0 0 0 0 0 0 0 0 11 15, 30 26 30 20 30 25 42 48 27 28, 1.51473 0.010625
chr07, 302946, G->C, 1.100 2.100 3.100 4.100 5.100 6.100 7.100 8.100 9.100 10.100, 0 1 6 0 5 2 1 1 0 1, 27 26 26 28 28 18 44 28 25 20, 0 1
chr07, 302956, T->A, 1.100 2.100 3.100 4.100 5.100 6.100 7.100 8.100 9.100 10.100, 1 1 5 0 6 1 0 2 1 2, 28 28 29 26 31 19 42 28 24 20, 0 1
chr07, 345250, A->T, 1.100 2.100 3.100 4.100 5.100 6.100 7.100 8.100 9.100 10.100, 0 2 4 5 4 4 1 3 2 6, 14 17 39 22 23 33 19 44 21 17, 0.258226 0.56044
chr07, 345252, A->T, 1.100 2.100 3.100 4.100 5.100 6.100 7.100 8.100 9.100 10.100, 0 2 2 5 4 3 1 3 2 5, 14 17 39 23 22 33 19 44 23 16, 0.150484 0.53125
chr07, 349672, C->T, 1.100 2.100 3.100 4.100 5.100 6.100 7.100 8.100 9.100 10.100, 1 5 5 2 0 0 2 0 0 1, 23 34 26 19 31 20 26 20 16 21, 0.711013 0.241706
chr07, 349676, C->T, 1.100 2.100 3.100 4.100 5.100 6.100 7.100 8.100 9.100 10.100, 1 5 5 2 0 0 2 0 0 1, 23 34 26 20 33 19 30 23 21 24, 0.75126 0.178322
chr07, 413966, G->T, 1.100 2.100 3.100 4.100 5.100 6.100 7.100 8.100 9.100 10.100, 1 3 2 4 4 0 6 5 2 5, 34 30 23 29 55 49 52 40 20 23, 0 1
chr07, 442220, A->T, 1.100 2.100 3.100 4.100 5.100 6.100 7.100 8.100 9.100 10.100, 1 1 3 1 5 1 4 5 5 7, 33 45 37 32 53 41 94 59 28 63, 0.352682 0.445415
chr07, 519262, T->A, 1.100 2.100 3.100 4.100 5.100 6.100 7.100 8.100 9.100 10.100, 0 0 5 3 4 4 5 5 1 2, 14 16 28 26 28 18 54 33 15 27, 0 0.360424
chr07, 697334, C->A, 1.100 2.100 3.100 4.100 5.100 6.100 7.100 8.100 9.100 10.100, 0 1 0 5 9 8 5 13 1 0, 33 34 25 28 33 21 19 30 21 20, 0.67273 0.0978887
chr07, 699202, T->A, 1.100 2.100 3.100 4.100 5.100 6.100 7.100 8.100 9.100 10.100, 0 0 0 0 0 0 0 0 13 11, 29 23 26 28 40 20 30 26 25 15, 1.72931 0.018107
chr07, 707013, T->A, 1.100 2.100 3.100 4.100 5.100 6.100 7.100 8.100 9.100 10.100, 1 5 2 2 2 2 4 6 2 3, 26 31 27 18 36 28 30 26 14 27, 0 1
chr07, 805038, A->T, 1.100 2.100 3.100 4.100 5.100 6.100 7.100 8.100 9.100 10.100, 0 1 5 2 5 6 1 1 0 2, 21 24 34 19 38 31 26 11 25 23, 0.0759836 1
chr07, 806551, T->A, 1.100 2.100 3.100 4.100 5.100 6.100 7.100 8.100 9.100 10.100, 0 2 0 1 3 1 5 1 5 6, 24 28 28 21 33 11 65 40 47 33, 0.223361 0.419753
chr07, 889028, T->A, 1.100 2.100 3.100 4.100 5.100 6.100 7.100 8.100 9.100 10.100, 0 0 2 0 5 5 4 5 1 3, 26 12 30 28 36 18 44 52 19 38, 0.275206 0.229213
chr07, 889038, G->A, 1.100 2.100 3.100 4.100 5.100 6.100 7.100 8.100 9.100 10.100, 1 0 2 0 5 4 4 6 1 2, 29 12 30 32 38 20 47 54 21 41, 0.152041 0.270557
chr07, 914988, C->A, 1.100 2.100 3.100 4.100 5.100 6.100 7.100 8.100 9.100 10.100, 0 1 4 8 3 5 5 2 1 2, 31 37 39 41 43 39 46 33 22 29, 0.295503 0.434043
chr07, 914989, T->A, 1.100 2.100 3.100 4.100 5.100 6.100 7.100 8.100 9.100 10.100, 1 1 8 7 2 4 5 3 2 2, 30 37 38 41 43 39 44 33 22 29, 0.074898 1
chr07, 994393, C->A, 1.100 2.100 3.100 4.100 5.100 6.100 7.100 8.100 9.100 10.100, 1 1 1 6 1 1 5 0 1 3, 30 35 26 36 39 45 67 35 26 49, 0 1
chr08, 138, A->G, 1.100 2.100 3.100 4.100 5.100 6.100 7.100 8.100 9.100 10.100, 3 8 21 4 0 3 11 4 1 5, 71 75 83 78 83 93 153 118 90 124, 0.538679 0.177083
chr08, 1754, T->C, 1.100 2.100 3.100 4.100 5.100 6.100 7.100 8.100 9.100 10.100, 1 1 6 2 4 4 15 20 7 11, 38 22 42 38 45 41 115 100 52 45, 0.236948 0.359155
chr08, 11825, C->A, 1.100 2.100 3.100 4.100 5.100 6.100 7.100 8.100 9.100 10.100, 2 2 6 3 6 8 5 4 4 5, 46 56 68 40 75 42 52 66 39 60, 0.168844 0.290598
chr08, 33651, C->A, 1.100 2.100 3.100 4.100 5.100 6.100 7.100 8.100 9.100 10.100, 0 2 0 2 2 1 2 3 6 5, 23 27 30 29 35 21 40 47 23 35, 0.489754 0.209016
chr08, 48124, G->T, 1.100 2.100 3.100 4.100 5.100 6.100 7.100 8.100 9.100 10.100, 0 2 1 3 3 0 6 6 3 4, 15 25 23 18 41 14 28 30 20 16, 0.316208 0.267016
chr08, 48128, C->A, 1.100 2.100 3.100 4.100 5.100 6.100 7.100 8.100 9.100 10.100, 0 3 1 1 5 0 3 4 5 3, 15 24 22 17 40 14 26 29 20 16, 0.272314 1
chr08, 59101, C->A, 1.100 2.100 3.100 4.100 5.100 6.100 7.100 8.100 9.100 10.100, 0 5 6 1 2 3 2 1 0 0, 20 27 28 20 23 17 22 16 10 15, 0.170231 0.476636
chr08, 123991, C->A, 1.100 2.100 3.100 4.100 5.100 6.100 7.100 8.100 9.100 10.100, 0 1 1 2 2 0 3 5 5 3, 16 26 10 18 13 15 24 22 18 23, 0.48536 0.418033
chr08, 124004, C->A, 1.100 2.100 3.100 4.100 5.100 6.100 7.100 8.100 9.100 10.100, 0 5 0 1 1 0 3 4 5 4, 22 27 12 19 16 22 25 22 21 24, 0.220575 1
chr08, 124006, C->A, 1.100 2.100 3.100 4.100 5.100 6.100 7.100 8.100 9.100 10.100, 0 4 1 2 2 1 4 5 7 3, 22 28 13 19 16 23 28 21 20 24, 0.361144 0.344595
chr08, 126162, C->A, 1.100 2.100 3.100 4.100 5.100 6.100 7.100 8.100 9.100 10.100, 0 1 4 2 7 2 3 4 6 2, 14 12 18 17 25 12 27 19 17 21, 0 1
chr08, 177892, C->G, 1.100 2.100 3.100 4.100 5.100 6.100 7.100 8.100 9.100 10.100, 0 2 4 0 0 1 5 6 1 2, 15 29 23 19 14 18 49 45 22 29, 0.0427025 1
chr08, 177903, A->T, 1.100 2.100 3.100 4.100 5.100 6.100 7.100 8.100 9.100 10.100, 0 2 5 0 0 3 7 4 1 1, 15 27 19 18 13 22 46 47 23 27, 0 1
chr08, 177910, A->T, 1.100 2.100 3.100 4.100 5.100 6.100 7.100 8.100 9.100 10.100, 0 0 0 0 0 5 6 6 2 2, 16 24 18 16 10 22 47 43 23 23, 0.66173 0.09375
chr08, 189089, C->A, 1.100 2.100 3.100 4.100 5.100 6.100 7.100 8.100 9.100 10.100, 0 1 2 1 6 1 13 3 3 0, 27 19 20 19 31 36 79 54 21 35, 0 1
chr08, 212279, A->T, 1.100 2.100 3.100 4.100 5.100 6.100 7.100 8.100 9.100 10.100, 0 0 8 0 5 0 0 0 0 0, 29 24 53 36 79 15 24 15 10 17, 0 1
chr08, 214363, C->G, 1.100 2.100 3.100 4.100 5.100 6.100 7.100 8.100 9.100 10.100, 0 1 5 1 6 0 8 3 3 2, 33 38 16 36 29 30 51 35 27 14, 0 1
chr08, 236990, A->T, 1.100 2.100 3.100 4.100 5.100 6.100 7.100 8.100 9.100 10.100, 0 0 0 0 0 0 0 8 8 8, 31 10 31 9 8 2 8 14 36 21, 0.362484 0.341137
chr08, 282522, C->A, 1.100 2.100 3.100 4.100 5.100 6.100 7.100 8.100 9.100 10.100, 0 1 0 1 5 4 2 4 1 6, 26 28 35 25 46 26 23 21 17 27, 0.456186 0.398438
chr08, 282526, C->A, 1.100 2.100 3.100 4.100 5.100 6.100 7.100 8.100 9.100 10.100, 1 4 2 1 5 5 2 3 2 6, 26 30 37 26 45 26 23 22 17 27, 0.20476 1
chr08, 512164, A->T, 1.100 2.100 3.100 4.100 5.100 6.100 7.100 8.100 9.100 10.100, 0 6 0 1 7 1 2 1 3 3, 26 40 21 40 45 31 22 37 14 27, 0 1
chr08, 512256, G->T, 1.100 2.100 3.100 4.100 5.100 6.100 7.100 8.100 9.100 10.100, 1 2 0 5 2 5 1 1 0 0, 25 39 19 41 37 33 28 37 22 24, 0.128332 0.425
chr08, 518812, C->A, 1.100 2.100 3.100 4.100 5.100 6.100 7.100 8.100 9.100 10.100, 1 1 3 0 2 5 3 5 2 3, 23 17 27 18 29 27 33 33 19 11, 0.0522294 1
chr08, 543258, G->C, 1.100 2.100 3.100 4.100 5.100 6.100 7.100 8.100 9.100 10.100, 0 0 1 3 1 5 5 2 0 0, 16 15 7 16 15 16 37 15 8 7, 0.259238 1
chr08, 553411, A->T, 1.100 2.100 3.100 4.100 5.100 6.100 7.100 8.100 9.100 10.100, 0 0 0 0 0 3 6 5 4 2, 43 38 23 40 41 32 45 53 24 29, 0.894958 0.031988
chr09, 23649, C->A, 1.100 2.100 3.100 4.100 5.100 6.100 7.100 8.100 9.100 10.100, 1 1 1 5 0 2 11 4 1 4, 36 45 38 29 39 38 101 67 31 43, 0 0.614458
chr09, 57221, T->A, 1.100 2.100 3.100 4.100 5.100 6.100 7.100 8.100 9.100 10.100, 1 5 5 3 1 2 1 0 2 0, 26 35 34 34 42 27 25 28 10 19, 0 1
chr09, 102477, G->T, 1.100 2.100 3.100 4.100 5.100 6.100 7.100 8.100 9.100 10.100, 1 3 3 3 5 4 5 2 4 2, 35 27 37 33 39 32 19 26 34 21, 0 1
chr09, 104132, C->T, 1.100 2.100 3.100 4.100 5.100 6.100 7.100 8.100 9.100 10.100, 0 0 0 2 0 0 1 1 12 19, 30 30 33 30 40 25 37 29 21 37, 1.34659 0.03772
chr09, 134823, G->A, 1.100 2.100 3.100 4.100 5.100 6.100 7.100 8.100 9.100 10.100, 0 0 0 0 0 0 0 0 23 24, 55 49 60 46 63 58 82 75 45 47, 1.63739 0.019466
chr09, 147086, A->T, 1.100 2.100 3.100 4.100 5.100 6.100 7.100 8.100 9.100 10.100, 1 3 0 1 1 5 4 7 4 2, 22 23 26 12 19 22 76 63 27 41, 0 1
chr09, 249659, C->G, 1.100 2.100 3.100 4.100 5.100 6.100 7.100 8.100 9.100 10.100, 1 5 2 3 2 2 2 1 5 4, 32 36 29 30 43 38 50 37 24 29, 0 1
chr09, 267848, G->C, 1.100 2.100 3.100 4.100 5.100 6.100 7.100 8.100 9.100 10.100, 1 4 3 5 3 2 5 3 0 2, 23 26 21 17 27 20 54 41 15 32, 0.18456 0.274194
chr09, 385695, C->A, 1.100 2.100 3.100 4.100 5.100 6.100 7.100 8.100 9.100 10.100, 0 2 1 2 7 2 1 3 6 3, 17 20 20 11 23 15 14 23 12 17, 0.277564 0.569832
chr09, 403167, G->T, 1.100 2.100 3.100 4.100 5.100 6.100 7.100 8.100 9.100 10.100, 1 2 1 0 0 2 6 7 0 4, 31 37 17 28 35 25 33 41 23 38, 0.421808 0.382022
chr10, 47062, C->G, 1.100 2.100 3.100 4.100 5.100 6.100 7.100 8.100 9.100 10.100, 0 1 5 4 1 5 0 6 0 3, 23 40 25 26 22 16 31 33 26 30, 0 1
chr10, 50407, C->A, 1.100 2.100 3.100 4.100 5.100 6.100 7.100 8.100 9.100 10.100, 0 5 2 5 0 3 2 1 1 1, 31 27 33 27 32 26 33 24 19 24, 0 1
chr10, 60737, T->G, 1.100 2.100 3.100 4.100 5.100 6.100 7.100 8.100 9.100 10.100, 1 2 4 3 2 0 7 5 3 1, 22 18 16 17 20 11 20 23 10 14, 0 1
chr10, 104608, G->T, 1.100 2.100 3.100 4.100 5.100 6.100 7.100 8.100 9.100 10.100, 0 2 6 2 3 4 2 2 1 5, 24 27 25 26 27 20 17 29 7 26, 0 1
chr10, 121120, T->A, 1.100 2.100 3.100 4.100 5.100 6.100 7.100 8.100 9.100 10.100, 0 1 2 1 3 1 7 3 1 6, 16 10 14 11 17 11 35 24 13 22, 0 1
chr10, 149638, T->C, 1.100 2.100 3.100 4.100 5.100 6.100 7.100 8.100 9.100 10.100, 1 1 3 3 1 3 10 5 8 2, 27 28 32 30 41 34 89 48 36 49, 0 0.563536
chr10, 201103, G->A, 1.100 2.100 3.100 4.100 5.100 6.100 7.100 8.100 9.100 10.100, 0 5 1 3 0 1 5 1 1 0, 21 33 21 20 32 9 21 21 14 18, 0 1
chr10, 218948, A->T, 1.100 2.100 3.100 4.100 5.100 6.100 7.100 8.100 9.100 10.100, 1 3 3 1 2 3 2 6 2 5, 40 39 29 23 35 26 50 50 37 25, 0 1
chr10, 319909, C->A, 1.100 2.100 3.100 4.100 5.100 6.100 7.100 8.100 9.100 10.100, 0 2 3 2 11 6 8 2 2 2, 31 43 26 30 52 25 41 32 30 26, 0.45633 0.163987
chr10, 319912, C->A, 1.100 2.100 3.100 4.100 5.100 6.100 7.100 8.100 9.100 10.100, 0 5 4 3 11 6 4 2 4 1, 31 41 26 29 53 24 42 32 30 26, 0.289376 0.408
chr10, 323808, G->C, 1.100 2.100 3.100 4.100 5.100 6.100 7.100 8.100 9.100 10.100, 0 0 0 0 0 1 5 5 2 1, 42 36 31 39 39 27 50 33 22 42, 1.18219 0.034855
chr10, 323811, T->A, 1.100 2.100 3.100 4.100 5.100 6.100 7.100 8.100 9.100 10.100, 0 0 0 0 0 1 5 6 4 1, 42 36 31 39 40 27 50 33 22 42, 1.26226 0.014894
chr10, 323815, G->C, 1.100 2.100 3.100 4.100 5.100 6.100 7.100 8.100 9.100 10.100, 0 0 0 0 0 1 5 6 2 1, 44 37 34 39 41 28 53 35 23 43, 1.18368 0.034489
chr10, 367386, T->A, 1.100 2.100 3.100 4.100 5.100 6.100 7.100 8.100 9.100 10.100, 1 0 1 3 2 4 9 4 3 6, 23 10 21 18 25 22 57 41 33 26, 0.315722 0.389313
chr10, 367420, T->G, 1.100 2.100 3.100 4.100 5.100 6.100 7.100 8.100 9.100 10.100, 0 0 2 0 2 3 8 3 7 1, 28 12 21 17 27 22 51 40 31 25, 0 1
chr10, 367452, A->G, 1.100 2.100 3.100 4.100 5.100 6.100 7.100 8.100 9.100 10.100, 0 0 0 2 0 1 5 2 2 5, 33 22 21 19 28 27 61 51 28 31, 0.41402 0.355401
chr10, 400267, A->T, 1.100 2.100 3.100 4.100 5.100 6.100 7.100 8.100 9.100 10.100, 1 1 1 2 1 1 10 6 6 0, 22 14 17 20 19 19 67 53 25 39, 0 0.579545
chr10, 436636, C->A, 1.100 2.100 3.100 4.100 5.100 6.100 7.100 8.100 9.100 10.100, 1 3 1 4 7 5 6 3 1 1, 21 26 14 24 29 20 32 32 11 19, 0.286959 0.302671
chr10, 579433, A->T, 1.100 2.100 3.100 4.100 5.100 6.100 7.100 8.100 9.100 10.100, 1 1 1 1 1 1 6 5 5 2, 24 38 23 27 37 47 66 60 28 40, 0.320908 0.253731
chr10, 585007, G->T, 1.100 2.100 3.100 4.100 5.100 6.100 7.100 8.100 9.100 10.100, 1 0 7 2 5 0 2 0 0 1, 68 60 48 34 71 50 64 57 30 53, 0 0.379182
chr10, 585032, G->T, 1.100 2.100 3.100 4.100 5.100 6.100 7.100 8.100 9.100 10.100, 3 3 8 2 4 4 5 2 1 5, 66 53 41 35 67 47 61 54 32 50, 0.086899 0.517766
chr10, 640799, T->A, 1.100 2.100 3.100 4.100 5.100 6.100 7.100 8.100 9.100 10.100, 1 0 1 3 2 2 7 0 5 0, 34 29 44 42 34 29 57 35 27 27, 0 1
chr10, 715142, A->T, 1.100 2.100 3.100 4.100 5.100 6.100 7.100 8.100 9.100 10.100, 0 1 5 3 4 3 6 5 1 4, 18 24 17 18 23 18 37 35 17 15, 0 0.520408
chr10, 715250, A->T, 1.100 2.100 3.100 4.100 5.100 6.100 7.100 8.100 9.100 10.100, 1 6 5 4 8 5 8 5 4 4, 21 46 26 30 30 43 54 44 29 31, 0 0.485714
chr11, 64058, C->A, 1.100 2.100 3.100 4.100 5.100 6.100 7.100 8.100 9.100 10.100, 1 0 2 2 1 1 10 3 3 5, 20 7 12 13 20 15 27 21 14 24, 0 1
chr11, 82412, G->T, 1.100 2.100 3.100 4.100 5.100 6.100 7.100 8.100 9.100 10.100, 0 0 0 0 0 3 13 5 4 0, 46 38 26 18 51 28 78 71 41 43, 0.610434 0.109442
chr11, 82418, T->A, 1.100 2.100 3.100 4.100 5.100 6.100 7.100 8.100 9.100 10.100, 0 0 0 0 0 3 12 5 4 0, 45 39 26 19 51 28 77 74 42 44, 0.702575 0.119718
chr11, 101382, T->C, 1.100 2.100 3.100 4.100 5.100 6.100 7.100 8.100 9.100 10.100, 0 0 0 0 0 0 0 1 13 20, 46 40 36 32 50 40 54 45 24 38, 1.68557 0.018526
chr11, 142589, A->T, 1.100 2.100 3.100 4.100 5.100 6.100 7.100 8.100 9.100 10.100, 1 2 1 6 3 4 5 5 1 3, 24 20 14 27 33 27 48 63 23 29, 0.129496 0.576271
chr11, 144436, T->C, 1.100 2.100 3.100 4.100 5.100 6.100 7.100 8.100 9.100 10.100, 2 7 5 1 6 1 0 0 1 0, 42 66 31 37 54 38 97 42 42 42, 0.687762 0.313846
chr11, 144441, C->T, 1.100 2.100 3.100 4.100 5.100 6.100 7.100 8.100 9.100 10.100, 1 8 6 1 6 1 0 0 3 1, 40 65 30 36 57 38 96 44 43 42, 0.653299 0.210309
chr11, 182683, C->A, 1.100 2.100 3.100 4.100 5.100 6.100 7.100 8.100 9.100 10.100, 0 6 4 1 3 1 7 1 2 5, 25 38 24 26 28 16 28 33 21 17, 0 1
chr11, 266142, C->A, 1.100 2.100 3.100 4.100 5.100 6.100 7.100 8.100 9.100 10.100, 1 3 5 2 2 1 3 5 4 5, 23 26 30 24 28 12 31 27 14 24, 0.321538 0.298246
chr11, 355184, A->T, 1.100 2.100 3.100 4.100 5.100 6.100 7.100 8.100 9.100 10.100, 1 1 5 2 2 2 5 3 0 5, 22 27 19 12 21 13 25 23 11 18, 0 1
chr11, 428786, G->T, 1.100 2.100 3.100 4.100 5.100 6.100 7.100 8.100 9.100 10.100, 1 0 3 0 2 2 5 6 1 3, 20 14 11 8 12 11 25 23 10 17, 0.154846 1
chr11, 647432, C->A, 1.100 2.100 3.100 4.100 5.100 6.100 7.100 8.100 9.100 10.100, 0 2 5 2 2 1 6 1 1 2, 28 24 31 25 49 39 80 73 42 44, 0 1
chr11, 647793, T->A, 1.100 2.100 3.100 4.100 5.100 6.100 7.100 8.100 9.100 10.100, 0 2 5 0 1 2 3 5 1 1, 19 28 23 31 35 31 75 65 32 22, 0 1
chr12, 5756, C->T, 1.100 2.100 3.100 4.100 5.100 6.100 7.100 8.100 9.100 10.100, 2 2 65 2 117 107 11 186 24 4, 49 41 146 44 219 200 71 284 115 61, 0 0.5
chr12, 19897, A->T, 1.100 2.100 3.100 4.100 5.100 6.100 7.100 8.100 9.100 10.100, 0 0 6 3 2 0 2 5 2 2, 25 30 29 29 35 19 40 34 10 20, 0.106026 1
chr12, 66634, T->A, 1.100 2.100 3.100 4.100 5.100 6.100 7.100 8.100 9.100 10.100, 1 2 5 2 5 3 5 2 1 4, 28 27 29 28 53 27 29 33 13 14, 0 1
chr12, 81421, T->A, 1.100 2.100 3.100 4.100 5.100 6.100 7.100 8.100 9.100 10.100, 1 1 6 3 1 6 9 4 5 3, 26 14 18 21 22 34 46 44 30 32, 0 1
chr12, 103723, T->C, 1.100 2.100 3.100 4.100 5.100 6.100 7.100 8.100 9.100 10.100, 0 1 1 1 0 1 5 2 5 4, 13 18 18 14 13 12 41 38 23 40, 0 1
chr12, 129953, C->A, 1.100 2.100 3.100 4.100 5.100 6.100 7.100 8.100 9.100 10.100, 0 0 0 0 0 6 6 3 3 0, 35 39 22 26 40 34 65 55 29 39, 0.558195 0.14346
chr12, 129956, C->A, 1.100 2.100 3.100 4.100 5.100 6.100 7.100 8.100 9.100 10.100, 0 0 0 0 0 8 7 5 3 2, 35 39 25 25 40 33 62 55 28 39, 0.645702 0.0977011
chr12, 259732, C->A, 1.100 2.100 3.100 4.100 5.100 6.100 7.100 8.100 9.100 10.100, 0 5 7 4 10 7 5 5 2 5, 12 25 23 18 35 20 32 30 15 20, 0.149981 0.536842
chr12, 281045, C->A, 1.100 2.100 3.100 4.100 5.100 6.100 7.100 8.100 9.100 10.100, 0 7 2 0 1 1 6 0 0 0, 21 42 25 25 30 27 43 30 24 32, 0 1
chr12, 339507, G->T, 1.100 2.100 3.100 4.100 5.100 6.100 7.100 8.100 9.100 10.100, 0 6 4 4 1 6 3 1 2 2, 59 70 21 52 59 60 50 52 28 50, 0 1
chr12, 432132, G->T, 1.100 2.100 3.100 4.100 5.100 6.100 7.100 8.100 9.100 10.100, 1 0 2 2 5 3 3 1 3 6, 21 25 28 24 46 26 31 22 27 25, 0 0.443478
chr12, 449581, A->T, 1.100 2.100 3.100 4.100 5.100 6.100 7.100 8.100 9.100 10.100, 1 2 0 4 6 3 2 2 1 5, 27 32 19 33 41 23 23 20 24 16, 0 1
chr12, 455975, C->A, 1.100 2.100 3.100 4.100 5.100 6.100 7.100 8.100 9.100 10.100, 1 3 2 0 4 4 5 8 1 5, 24 36 29 31 18 35 90 102 54 77, 0 0.453333
chr12, 489524, A->C, 1.100 2.100 3.100 4.100 5.100 6.100 7.100 8.100 9.100 10.100, 0 0 0 2 3 1 6 1 6 0, 23 19 27 26 30 32 69 60 35 36, 0 1
chr12, 513958, G->T, 1.100 2.100 3.100 4.100 5.100 6.100 7.100 8.100 9.100 10.100, 1 3 4 2 3 6 12 1 1 1, 21 25 17 15 31 36 36 28 19 28, 0 1
chr13, 42325, G->T, 1.100 2.100 3.100 4.100 5.100 6.100 7.100 8.100 9.100 10.100, 0 6 6 1 1 6 1 1 2 2, 34 45 28 25 50 33 44 27 33 28, 0 1
chr13, 42326, A->T, 1.100 2.100 3.100 4.100 5.100 6.100 7.100 8.100 9.100 10.100, 0 4 5 0 3 5 1 1 1 2, 34 44 27 23 49 33 44 27 32 27, 0 1
chr13, 42339, A->T, 1.100 2.100 3.100 4.100 5.100 6.100 7.100 8.100 9.100 10.100, 0 7 7 2 4 6 2 4 3 3, 30 39 27 26 52 29 38 28 28 21, 0 1
chr13, 42365, G->T, 1.100 2.100 3.100 4.100 5.100 6.100 7.100 8.100 9.100 10.100, 0 7 6 3 6 0 0 0 0 0, 29 39 28 26 44 27 24 22 21 20, 0.614142 0.159375
chr13, 82817, C->A, 1.100 2.100 3.100 4.100 5.100 6.100 7.100 8.100 9.100 10.100, 0 0 0 0 0 2 5 3 0 6, 29 39 32 29 40 37 34 35 14 37, 0.80288 0.247573
chr13, 82819, G->T, 1.100 2.100 3.100 4.100 5.100 6.100 7.100 8.100 9.100 10.100, 0 0 0 0 0 2 4 5 0 7, 29 38 32 30 41 36 34 35 13 36, 0.82657 0.295652
chr13, 202197, T->C, 1.100 2.100 3.100 4.100 5.100 6.100 7.100 8.100 9.100 10.100, 0 0 0 0 0 0 5 0 0 6, 16 27 19 24 25 11 17 11 15 30, 0.639921 0.215645
chr13, 241906, C->A, 1.100 2.100 3.100 4.100 5.100 6.100 7.100 8.100 9.100 10.100, 0 5 2 5 8 2 2 6 5 4, 21 25 14 30 42 14 17 21 23 28, 0.155397 1
chr13, 251661, G->T, 1.100 2.100 3.100 4.100 5.100 6.100 7.100 8.100 9.100 10.100, 1 1 6 3 8 4 2 2 4 5, 28 19 34 32 60 42 27 40 16 35, 0 1
chr13, 251688, T->A, 1.100 2.100 3.100 4.100 5.100 6.100 7.100 8.100 9.100 10.100, 1 3 5 2 3 5 6 1 0 1, 32 18 34 35 60 50 28 42 16 34, 0.208952 0.56044
chr13, 339718, G->T, 1.100 2.100 3.100 4.100 5.100 6.100 7.100 8.100 9.100 10.100, 0 0 0 4 5 12 21 8 0 0, 37 17 29 31 41 35 47 33 31 37, 0.84298 0.044493
chr13, 472637, G->T, 1.100 2.100 3.100 4.100 5.100 6.100 7.100 8.100 9.100 10.100, 2 3 2 2 6 1 7 0 2 5, 44 41 23 31 40 32 51 22 15 22, 0 1
chr13, 489830, T->G, 1.100 2.100 3.100 4.100 5.100 6.100 7.100 8.100 9.100 10.100, 0 2 1 1 2 2 5 7 4 7, 14 31 18 27 27 19 67 50 26 32, 0.319972 0.159875
chr13, 499723, C->A, 1.100 2.100 3.100 4.100 5.100 6.100 7.100 8.100 9.100 10.100, 0 0 0 0 0 0 0 2 9 16, 22 25 25 26 33 45 60 51 24 34, 1.49441 0.035074
chr13, 538527, G->T, 1.100 2.100 3.100 4.100 5.100 6.100 7.100 8.100 9.100 10.100, 0 4 5 2 5 4 3 0 1 1, 21 26 15 23 25 15 26 23 17 17, 0.402923 0.376384
chr13, 581706, T->G, 1.100 2.100 3.100 4.100 5.100 6.100 7.100 8.100 9.100 10.100, 0 0 0 0 0 0 0 0 10 14, 21 38 33 30 30 28 44 32 22 28, 1.63043 0.019646
chr13, 588645, T->G, 1.100 2.100 3.100 4.100 5.100 6.100 7.100 8.100 9.100 10.100, 0 0 2 2 3 2 2 5 5 1, 24 11 17 19 23 10 32 30 21 18, 0.382913 0.425
chr13, 752971, C->A, 1.100 2.100 3.100 4.100 5.100 6.100 7.100 8.100 9.100 10.100, 0 3 5 3 7 1 5 1 0 2, 18 23 18 14 32 14 30 20 13 18, 0.397674 0.300885
chr13, 860861, A->T, 1.100 2.100 3.100 4.100 5.100 6.100 7.100 8.100 9.100 10.100, 1 2 5 4 4 3 8 3 1 7, 32 39 42 45 49 55 78 49 28 35, 0 1
chr13, 908162, G->T, 1.100 2.100 3.100 4.100 5.100 6.100 7.100 8.100 9.100 10.100, 1 3 0 6 6 4 8 6 1 5, 31 21 25 29 27 33 101 88 34 37, 0 0.46789
chr13, 908232, T->A, 1.100 2.100 3.100 4.100 5.100 6.100 7.100 8.100 9.100 10.100, 0 1 1 1 1 0 5 7 1 0, 13 11 13 13 17 14 52 37 22 13, 0 1
chr13, 908921, T->G, 1.100 2.100 3.100 4.100 5.100 6.100 7.100 8.100 9.100 10.100, 0 0 1 0 0 5 5 0 0 3, 26 24 21 18 15 30 50 39 19 20, 0.462181 0.485714
chr13, 908961, A->C, 1.100 2.100 3.100 4.100 5.100 6.100 7.100 8.100 9.100 10.100, 1 1 5 0 0 5 8 2 2 6, 28 31 28 26 24 36 71 48 30 29, 0 1
chr13, 908980, A->T, 1.100 2.100 3.100 4.100 5.100 6.100 7.100 8.100 9.100 10.100, 1 1 4 4 5 2 5 9 4 0, 28 34 32 34 25 36 87 59 34 30, 0 1
chr14, 9686, G->T, 1.100 2.100 3.100 4.100 5.100 6.100 7.100 8.100 9.100 10.100, 0 0 0 0 0 0 0 2 35 50, 37 41 34 29 65 62 57 50 37 51, 1.48978 0.028948
chr14, 51341, T->A, 1.100 2.100 3.100 4.100 5.100 6.100 7.100 8.100 9.100 10.100, 0 0 0 6 5 3 1 0 0 1, 32 28 27 42 48 37 60 33 36 32, 0.807948 0.159126
chr14, 51343, T->A, 1.100 2.100 3.100 4.100 5.100 6.100 7.100 8.100 9.100 10.100, 0 0 0 6 5 3 1 0 0 1, 35 30 29 42 49 37 60 34 36 32, 0.816231 0.145714
chr14, 116799, C->A, 1.100 2.100 3.100 4.100 5.100 6.100 7.100 8.100 9.100 10.100, 0 6 4 0 8 5 4 1 0 2, 16 31 29 22 29 43 33 38 5 27, 0 1
chr14, 116819, T->A, 1.100 2.100 3.100 4.100 5.100 6.100 7.100 8.100 9.100 10.100, 0 6 1 0 6 6 2 1 0 1, 16 33 30 22 34 45 39 41 7 29, 0 1
chr14, 131517, A->C, 1.100 2.100 3.100 4.100 5.100 6.100 7.100 8.100 9.100 10.100, 0 2 0 3 0 2 1 5 6 2, 11 18 13 23 19 37 61 46 29 43, 0 1
chr14, 131523, T->G, 1.100 2.100 3.100 4.100 5.100 6.100 7.100 8.100 9.100 10.100, 0 2 1 5 2 9 10 7 1 4, 12 17 13 21 17 39 61 43 29 42, 0.205409 0.625767
chr14, 220830, C->A, 1.100 2.100 3.100 4.100 5.100 6.100 7.100 8.100 9.100 10.100, 0 1 0 0 1 1 5 6 0 0, 26 26 28 28 29 34 59 36 32 37, 0.584526 0.33887
chr14, 282748, A->C, 1.100 2.100 3.100 4.100 5.100 6.100 7.100 8.100 9.100 10.100, 0 0 2 0 2 0 7 5 0 6, 11 8 19 11 17 11 47 26 25 40, 0 1
chr14, 307247, C->G, 1.100 2.100 3.100 4.100 5.100 6.100 7.100 8.100 9.100 10.100, 0 1 0 2 7 3 4 5 2 2, 24 25 15 24 31 19 28 23 13 18, 0.385334 0.156682
chr14, 307258, T->G, 1.100 2.100 3.100 4.100 5.100 6.100 7.100 8.100 9.100 10.100, 1 1 0 2 5 0 1 5 1 3, 23 28 15 26 30 18 30 21 12 17, 0 1
chr14, 410480, C->A, 1.100 2.100 3.100 4.100 5.100 6.100 7.100 8.100 9.100 10.100, 0 0 0 6 12 8 22 12 0 0, 39 32 33 27 50 43 63 37 24 44, 0.665729 0.058186
chr14, 472580, T->C, 1.100 2.100 3.100 4.100 5.100 6.100 7.100 8.100 9.100 10.100, 0 2 0 5 3 4 6 6 5 1, 29 19 15 21 37 21 36 36 27 38, 0 1
chr14, 482147, T->A, 1.100 2.100 3.100 4.100 5.100 6.100 7.100 8.100 9.100 10.100, 0 2 0 0 5 5 7 4 2 5, 13 19 15 24 25 23 66 43 27 45, 0.294327 0.264935
chr14, 585121, T->A, 1.100 2.100 3.100 4.100 5.100 6.100 7.100 8.100 9.100 10.100, 3 1 1 6 1 3 3 6 1 0, 60 46 47 36 43 35 70 71 37 38, 0 1
chr14, 649331, C->T, 1.100 2.100 3.100 4.100 5.100 6.100 7.100 8.100 9.100 10.100, 0 4 5 1 9 2 7 2 3 1, 36 44 53 41 50 48 65 70 45 50, 0 1
chr14, 649339, A->T, 1.100 2.100 3.100 4.100 5.100 6.100 7.100 8.100 9.100 10.100, 0 4 6 2 10 2 6 2 2 3, 37 42 49 42 53 47 67 73 44 53, 0 1
chr14, 649344, C->G, 1.100 2.100 3.100 4.100 5.100 6.100 7.100 8.100 9.100 10.100, 0 2 6 1 9 1 7 2 1 4, 37 40 48 40 51 46 68 75 45 53, 0 1
chr14, 649354, A->T, 1.100 2.100 3.100 4.100 5.100 6.100 7.100 8.100 9.100 10.100, 0 4 6 3 11 2 8 5 2 5, 40 35 43 35 46 43 61 64 45 52, 0 1
chr14, 692504, C->A, 1.100 2.100 3.100 4.100 5.100 6.100 7.100 8.100 9.100 10.100, 0 1 3 2 4 4 6 1 1 5, 35 28 37 27 39 26 32 34 16 23, 0.25025 0.495146
chr14, 704317, T->A, 1.100 2.100 3.100 4.100 5.100 6.100 7.100 8.100 9.100 10.100, 1 1 1 0 9 2 7 0 3 2, 27 32 23 26 53 32 36 52 28 36, 0 0.64557
chr14, 704341, G->T, 1.100 2.100 3.100 4.100 5.100 6.100 7.100 8.100 9.100 10.100, 1 3 2 1 9 6 5 6 4 9, 24 29 18 24 41 28 29 41 21 29, 0.103277 0.368231
chr14, 711285, C->A, 1.100 2.100 3.100 4.100 5.100 6.100 7.100 8.100 9.100 10.100, 0 3 1 2 6 3 5 3 2 1, 12 25 13 17 23 14 20 7 15 19, 0 1
chr15, 29253, T->G, 1.100 2.100 3.100 4.100 5.100 6.100 7.100 8.100 9.100 10.100, 0 1 6 1 5 1 4 0 1 0, 35 46 41 36 63 35 68 53 36 27, 0 1
chr15, 30924, A->C, 1.100 2.100 3.100 4.100 5.100 6.100 7.100 8.100 9.100 10.100, 0 3 2 0 4 2 8 7 2 1, 19 17 29 20 43 44 85 82 29 34, 0 1
chr15, 229046, G->C, 1.100 2.100 3.100 4.100 5.100 6.100 7.100 8.100 9.100 10.100, 0 0 0 0 0 1 5 3 5 0, 29 47 35 23 41 19 59 41 22 29, 0.61728 0.173469
chr15, 229050, G->T, 1.100 2.100 3.100 4.100 5.100 6.100 7.100 8.100 9.100 10.100, 0 0 0 0 0 1 6 2 6 0, 29 49 36 22 41 19 59 41 22 29, 0 0.28022
chr15, 229056, C->A, 1.100 2.100 3.100 4.100 5.100 6.100 7.100 8.100 9.100 10.100, 0 0 0 0 0 1 5 3 6 0, 28 46 34 22 42 16 57 42 21 27, 0.491094 0.21118
chr15, 259251, C->A, 1.100 2.100 3.100 4.100 5.100 6.100 7.100 8.100 9.100 10.100, 1 5 2 4 6 0 4 1 2 8, 43 44 47 39 62 21 43 37 38 39, 0 1
chr15, 290592, C->G, 1.100 2.100 3.100 4.100 5.100 6.100 7.100 8.100 9.100 10.100, 0 1 5 2 1 1 0 5 1 1, 30 35 27 24 41 31 24 48 26 28, 0 1
chr15, 346473, A->C, 1.100 2.100 3.100 4.100 5.100 6.100 7.100 8.100 9.100 10.100, 1 1 3 4 2 3 7 5 4 8, 25 26 23 18 29 32 101 68 36 56, 0.186145 0.51
chr15, 346510, T->G, 1.100 2.100 3.100 4.100 5.100 6.100 7.100 8.100 9.100 10.100, 1 4 0 0 3 2 9 13 3 5, 25 32 24 24 28 33 95 70 42 58, 0.152734 0.569832
chr15, 365337, G->C, 1.100 2.100 3.100 4.100 5.100 6.100 7.100 8.100 9.100 10.100, 0 0 0 0 0 1 6 2 1 6, 15 15 4 17 23 11 31 21 27 25, 0.389801 0.379182
chr15, 423979, G->T, 1.100 2.100 3.100 4.100 5.100 6.100 7.100 8.100 9.100 10.100, 1 1 0 2 10 5 7 1 1 3, 28 39 27 28 40 34 36 26 17 31, 0.475645 0.131783
chr15, 537282, C->A, 1.100 2.100 3.100 4.100 5.100 6.100 7.100 8.100 9.100 10.100, 0 2 5 7 5 0 3 0 1 0, 17 22 28 22 33 11 4 27 5 5, 0.586389 0.300885
chr15, 560809, G->T, 1.100 2.100 3.100 4.100 5.100 6.100 7.100 8.100 9.100 10.100, 1 1 1 4 7 4 9 7 4 6, 24 13 13 18 21 24 26 17 17 20, 0.324116 0.216102
chr15, 793164, G->T, 1.100 2.100 3.100 4.100 5.100 6.100 7.100 8.100 9.100 10.100, 0 0 0 0 0 0 0 2 14 14, 38 31 37 29 38 36 42 41 35 34, 1.45719 0.011964
chr15, 830598, G->T, 1.100 2.100 3.100 4.100 5.100 6.100 7.100 8.100 9.100 10.100, 1 3 4 5 7 3 1 7 2 5, 44 42 35 27 43 31 33 26 20 28, 0 1
chr15, 830674, A->C, 1.100 2.100 3.100 4.100 5.100 6.100 7.100 8.100 9.100 10.100, 1 5 5 0 3 1 0 0 0 0, 35 37 26 28 32 22 26 25 14 16, 0.271221 0.43038
chr15, 924915, C->A, 1.100 2.100 3.100 4.100 5.100 6.100 7.100 8.100 9.100 10.100, 0 3 6 0 6 2 5 3 1 2, 18 29 20 16 34 34 57 35 21 22, 0 1
chr15, 994709, G->T, 1.100 2.100 3.100 4.100 5.100 6.100 7.100 8.100 9.100 10.100, 0 6 0 1 2 0 7 2 1 0, 29 31 21 17 31 22 35 25 24 23, 0 1
chr16, 13164, G->T, 1.100 2.100 3.100 4.100 5.100 6.100 7.100 8.100 9.100 10.100, 0 2 2 2 3 0 5 5 1 0, 19 16 24 19 30 16 17 24 14 17, 0.221425 0.483412
chr16, 16962, C->A, 1.100 2.100 3.100 4.100 5.100 6.100 7.100 8.100 9.100 10.100, 0 1 4 6 2 4 5 3 7 2, 24 15 19 17 12 11 13 19 19 12, 0.306114 0.390805
chr16, 103336, G->A, 1.100 2.100 3.100 4.100 5.100 6.100 7.100 8.100 9.100 10.100, 0 0 1 8 6 7 27 14 1 0, 31 29 29 24 32 25 64 45 29 37, 0.616459 0.0719831
chr16, 132445, A->T, 1.100 2.100 3.100 4.100 5.100 6.100 7.100 8.100 9.100 10.100, 0 1 1 6 1 3 10 5 0 0, 20 17 17 22 29 21 47 36 19 13, 0 1
chr16, 282607, G->T, 1.100 2.100 3.100 4.100 5.100 6.100 7.100 8.100 9.100 10.100, 1 0 4 2 5 2 5 3 0 1, 25 24 25 46 39 17 25 36 11 22, 0 1
chr16, 307887, A->C, 1.100 2.100 3.100 4.100 5.100 6.100 7.100 8.100 9.100 10.100, 1 2 1 0 0 0 2 3 8 6, 36 33 28 23 43 27 62 50 48 38, 0.786611 0.123937
chr16, 347673, A->C, 1.100 2.100 3.100 4.100 5.100 6.100 7.100 8.100 9.100 10.100, 1 1 6 2 0 5 2 3 1 3, 23 19 24 26 33 23 51 24 18 21, 0 1
chr16, 359435, G->T, 1.100 2.100 3.100 4.100 5.100 6.100 7.100 8.100 9.100 10.100, 1 1 0 1 6 1 4 2 0 5, 27 29 23 28 52 25 27 18 16 26, 0 1
chr16, 359443, A->T, 1.100 2.100 3.100 4.100 5.100 6.100 7.100 8.100 9.100 10.100, 1 1 0 0 5 0 0 1 0 5, 25 28 23 25 50 25 27 17 15 23, 0 1
chr16, 491818, C->A, 1.100 2.100 3.100 4.100 5.100 6.100 7.100 8.100 9.100 10.100, 0 3 3 0 7 1 11 4 2 2, 17 19 17 11 30 20 29 31 17 16, 0 1
chr16, 558008, C->T, 1.100 2.100 3.100 4.100 5.100 6.100 7.100 8.100 9.100 10.100, 0 1 1 3 5 2 5 0 0 1, 27 26 21 24 34 30 25 25 8 15, 0 1
chr16, 558074, C->A, 1.100 2.100 3.100 4.100 5.100 6.100 7.100 8.100 9.100 10.100, 1 2 0 3 1 5 1 5 2 2, 20 24 14 28 31 29 17 23 8 18, 0 1
chr16, 592158, T->A, 1.100 2.100 3.100 4.100 5.100 6.100 7.100 8.100 9.100 10.100, 1 1 3 2 5 3 0 5 0 2, 29 25 21 31 35 28 27 27 25 34, 0 1
chr16, 600502, G->T, 1.100 2.100 3.100 4.100 5.100 6.100 7.100 8.100 9.100 10.100, 1 4 6 2 5 3 4 3 1 0, 33 33 28 31 40 25 15 28 17 10, 0 1
chr16, 621926, T->A, 1.100 2.100 3.100 4.100 5.100 6.100 7.100 8.100 9.100 10.100, 0 6 0 2 5 0 8 3 1 1, 28 36 32 23 40 30 41 38 27 26, 0 1
chr16, 639384, C->A, 1.100 2.100 3.100 4.100 5.100 6.100 7.100 8.100 9.100 10.100, 1 6 4 0 4 4 4 5 2 6, 30 40 38 43 49 39 48 36 26 25, 0 1
chr16, 643526, G->T, 1.100 2.100 3.100 4.100 5.100 6.100 7.100 8.100 9.100 10.100, 0 2 2 2 5 1 0 6 0 1, 21 19 26 27 39 18 13 24 7 12, 0 1
chr16, 648530, G->A, 1.100 2.100 3.100 4.100 5.100 6.100 7.100 8.100 9.100 10.100, 1 4 2 2 2 5 1 6 2 2, 34 34 32 22 29 28 39 29 18 27, 0 1
chr16, 869219, T->A, 1.100 2.100 3.100 4.100 5.100 6.100 7.100 8.100 9.100 10.100, 0 1 1 0 6 3 5 2 2 3, 25 12 18 12 24 26 64 52 21 35, 0 1
chr16, 869225, T->G, 1.100 2.100 3.100 4.100 5.100 6.100 7.100 8.100 9.100 10.100, 1 1 1 1 2 6 7 2 0 2, 24 9 18 14 24 26 69 56 23 38, 0.389017 0.336634
chr16, 909729, C->A, 1.100 2.100 3.100 4.100 5.100 6.100 7.100 8.100 9.100 10.100, 1 5 1 0 5 1 6 3 3 2, 46 58 32 42 43 20 19 25 19 33, 0.104489 0.409639
chr16, 946231, C->A, 1.100 2.100 3.100 4.100 5.100 6.100 7.100 8.100 9.100 10.100, 1 1 1 4 6 7 11 9 6 7, 21 13 20 19 22 24 75 53 32 36, 0.262675 0.172589
chr16, 946241, G->A, 1.100 2.100 3.100 4.100 5.100 6.100 7.100 8.100 9.100 10.100, 1 1 1 1 5 4 2 7 4 3, 21 13 21 20 22 25 79 53 32 37, 0 1
chr16, 946254, G->C, 1.100 2.100 3.100 4.100 5.100 6.100 7.100 8.100 9.100 10.100, 0 0 1 1 1 5 7 5 2 3, 26 17 22 21 27 28 127 58 33 43, 0.248651 0.472222
chr01, 45263, indel;-1;+T, 1.100 2.100 3.100 4.100 5.100 6.100 7.100 8.100 9.100 10.100, 0 1 2 0 1 5 2 3 3 5, 22 25 32 19 37 24 51 46 34 57, 0 1
chr01, 68128, indel;+TT;-2;-1;+T, 1.100 2.100 3.100 4.100 5.100 6.100 7.100 8.100 9.100 10.100, 0 3 5 4 5 3 8 7 2 3, 17 22 14 23 23 20 25 27 19 23, 0.190538 1
chr02, 45219, indel;-2;-1;-3;+T, 1.100 2.100 3.100 4.100 5.100 6.100 7.100 8.100 9.100 10.100, 0 3 2 2 3 3 5 1 4 6, 24 34 19 28 39 32 49 29 19 26, 0.260238 0.563536
chr02, 75103, indel;+A;-1;+AA, 1.100 2.100 3.100 4.100 5.100 6.100 7.100 8.100 9.100 10.100, 1 1 4 1 3 4 4 9 6 8, 22 27 27 28 31 33 29 35 25 29, 0.448142 0.158631
chr02, 196362, indel;+A;-1, 1.100 2.100 3.100 4.100 5.100 6.100 7.100 8.100 9.100 10.100, 1 3 4 1 2 2 2 5 6 0, 34 24 34 37 53 25 40 49 24 19, 0 1
chr02, 290205, indel;+A, 1.100 2.100 3.100 4.100 5.100 6.100 7.100 8.100 9.100 10.100, 0 0 0 4 5 10 13 12 0 0, 24 23 31 28 29 29 30 44 31 32, 0.837225 0.031234
chr02, 321660, indel;-1;+T, 1.100 2.100 3.100 4.100 5.100 6.100 7.100 8.100 9.100 10.100, 1 0 2 3 5 1 1 6 1 0, 25 24 28 26 49 14 16 35 21 22, 0.160393 0.63354
chr02, 353485, indel;+A;+AAA;+AA;-1;-3;-2, 1.100 2.100 3.100 4.100 5.100 6.100 7.100 8.100 9.100 10.100, 1 3 3 8 6 2 4 1 6 2, 22 22 39 26 24 11 18 18 17 21, 0 1
chr02, 585055, indel;-1;+T, 1.100 2.100 3.100 4.100 5.100 6.100 7.100 8.100 9.100 10.100, 0 6 4 1 5 10 6 7 2 2, 27 32 33 28 59 37 43 24 21 30, 0 0.534031
chr02, 769312, indel;-1;+T, 1.100 2.100 3.100 4.100 5.100 6.100 7.100 8.100 9.100 10.100, 0 3 0 3 1 1 7 3 0 5, 12 18 11 15 34 13 27 20 9 19, 0 1
chr03, 78799, indel;+TTT;-2;-1;+T, 1.100 2.100 3.100 4.100 5.100 6.100 7.100 8.100 9.100 10.100, 1 0 2 2 6 6 7 3 0 1, 25 20 23 18 49 23 34 26 17 18, 0.458084 0.257576
chr03, 188917, indel;-4;-2, 1.100 2.100 3.100 4.100 5.100 6.100 7.100 8.100 9.100 10.100, 2 5 4 5 6 2 3 3 6 11, 41 39 45 25 60 34 45 41 38 46, 0.241389 0.396887
chr03, 228510, indel;A;-1;G, 1.100 2.100 3.100 4.100 5.100 6.100 7.100 8.100 9.100 10.100, 0 4 0 0 0 0 0 3 18 19, 41 44 34 44 54 43 89 56 32 43, 1.42001 0.025585
chr04, 172674, indel;+A;-1;+AA, 1.100 2.100 3.100 4.100 5.100 6.100 7.100 8.100 9.100 10.100, 0 2 7 4 4 2 11 12 5 2, 44 35 52 40 73 44 73 53 29 31, 0.404334 0.251852
chr04, 1469093, indel;+A;-1;+AA;-3, 1.100 2.100 3.100 4.100 5.100 6.100 7.100 8.100 9.100 10.100, 1 0 2 3 1 2 17 4 3 5, 21 15 24 27 28 28 47 43 22 25, 0 0.319749
chr04, 310293, indel;+A;-1;+AA;-2, 1.100 2.100 3.100 4.100 5.100 6.100 7.100 8.100 9.100 10.100, 0 1 3 2 9 2 5 3 1 2, 11 21 19 13 34 12 21 21 18 10, 0.255266 0.512563
chr04, 366255, indel;+A;-1;+AA, 1.100 2.100 3.100 4.100 5.100 6.100 7.100 8.100 9.100 10.100, 1 3 1 1 3 1 6 5 0 4, 38 45 38 34 62 41 67 30 25 48, 0 1
chr04, 484821, indel;-1, 1.100 2.100 3.100 4.100 5.100 6.100 7.100 8.100 9.100 10.100, 0 0 0 0 0 0 0 1 16 16, 27 35 29 35 39 34 55 51 39 48, 1.32219 0.0562603
chr04, 680128, indel;+G;-1;+T, 1.100 2.100 3.100 4.100 5.100 6.100 7.100 8.100 9.100 10.100, 1 1 2 6 4 3 11 4 2 1, 20 27 21 22 39 29 31 20 22 21, 0.234643 0.293948
chr04, 884287, indel;-1;+T, 1.100 2.100 3.100 4.100 5.100 6.100 7.100 8.100 9.100 10.100, 1 5 2 1 7 0 3 6 3 0, 30 42 29 30 46 27 26 23 16 21, 0 1
chr05, 393868, indel;-1;+T, 1.100 2.100 3.100 4.100 5.100 6.100 7.100 8.100 9.100 10.100, 1 4 3 2 9 10 6 3 1 4, 42 46 37 31 64 31 50 42 23 36, 0.285647 0.26087
chr05, 401738, indel;+A;-1, 1.100 2.100 3.100 4.100 5.100 6.100 7.100 8.100 9.100 10.100, 1 2 2 5 9 2 1 1 0 2, 27 16 17 23 33 13 19 15 17 17, 0.363455 0.478873
chr05, 539409, indel;+A;+AA, 1.100 2.100 3.100 4.100 5.100 6.100 7.100 8.100 9.100 10.100, 0 6 2 0 5 2 0 0 0 0, 37 30 29 25 54 27 35 32 14 16, 0 1
chr06, 193508, indel;+A;-1;+AA, 1.100 2.100 3.100 4.100 5.100 6.100 7.100 8.100 9.100 10.100, 1 4 8 5 7 1 11 4 3 3, 39 41 47 34 65 33 38 32 44 49, 0 1
chr06, 229921, indel;+A;-1, 1.100 2.100 3.100 4.100 5.100 6.100 7.100 8.100 9.100 10.100, 1 0 2 0 5 6 4 4 2 0, 26 31 21 40 34 33 50 36 18 22, 0.279344 0.258228
chr07, 75474, indel;-4;+AG;-2, 1.100 2.100 3.100 4.100 5.100 6.100 7.100 8.100 9.100 10.100, 1 2 3 2 2 7 4 5 6 5, 26 22 31 28 44 37 46 41 26 39, 0 1
chr07, 1059664, indel;+TT;-1;+T, 1.100 2.100 3.100 4.100 5.100 6.100 7.100 8.100 9.100 10.100, 0 6 3 2 6 5 3 4 4 9, 21 31 24 29 43 41 35 33 29 32, 0 1
chr07, 1063586, indel;+A;-1;+AA;-2, 1.100 2.100 3.100 4.100 5.100 6.100 7.100 8.100 9.100 10.100, 1 2 0 0 7 3 6 3 2 3, 29 29 24 18 43 19 28 19 22 19, 0.326023 0.13264
chr07, 593361, indel;-4;-2;+ATAT;+AT, 1.100 2.100 3.100 4.100 5.100 6.100 7.100 8.100 9.100 10.100, 1 1 6 4 6 2 6 2 0 6, 38 41 57 38 70 27 38 25 22 30, 0 1
chr07, 618216, indel;+A;-1, 1.100 2.100 3.100 4.100 5.100 6.100 7.100 8.100 9.100 10.100, 2 1 0 0 0 2 7 5 1 7, 42 40 67 47 47 31 68 53 26 44, 0.647442 0.222222
chr07, 650957, indel;+A;-1;+AA;-3;-2, 1.100 2.100 3.100 4.100 5.100 6.100 7.100 8.100 9.100 10.100, 0 2 1 3 9 4 11 5 3 3, 17 13 15 11 21 14 29 25 19 11, 0.232892 0.534031
chr08, 290387, indel;+TT;-1;+T, 1.100 2.100 3.100 4.100 5.100 6.100 7.100 8.100 9.100 10.100, 1 4 0 2 8 5 10 7 1 1, 34 27 41 40 50 46 47 52 14 41, 0 0.523077
chr08, 314723, indel;-4;-2;+T;+ATAT;+AT, 1.100 2.100 3.100 4.100 5.100 6.100 7.100 8.100 9.100 10.100, 2 2 1 5 2 2 2 2 7 2, 50 53 49 64 58 60 52 45 32 43, 0 1
chr08, 340056, indel;-4;+TA;+TATA;-2, 1.100 2.100 3.100 4.100 5.100 6.100 7.100 8.100 9.100 10.100, 1 2 5 1 6 4 6 7 4 6, 34 38 21 32 47 27 48 20 27 17, 0 0.360424
chr08, 410933, indel;+T;-1;-3;-2, 1.100 2.100 3.100 4.100 5.100 6.100 7.100 8.100 9.100 10.100, 0 2 2 3 7 3 4 6 0 1, 31 51 32 35 66 28 32 27 22 18, 0.133327 0.232346
chr08, 436961, indel;-1;+T, 1.100 2.100 3.100 4.100 5.100 6.100 7.100 8.100 9.100 10.100, 0 2 2 2 2 6 5 4 5 1, 18 43 21 17 37 26 58 52 25 32, 0 0.465753
chr09, 232076, indel;-1;+T, 1.100 2.100 3.100 4.100 5.100 6.100 7.100 8.100 9.100 10.100, 0 6 0 0 0 2 2 0 3 6, 24 36 19 18 25 21 30 16 22 33, 0 1
chr09, 241207, indel;-1;+T, 1.100 2.100 3.100 4.100 5.100 6.100 7.100 8.100 9.100 10.100, 0 3 2 1 4 6 1 8 4 7, 25 24 13 12 20 18 24 29 13 32, 0 1
chr10, 160310, indel;-1;+T, 1.100 2.100 3.100 4.100 5.100 6.100 7.100 8.100 9.100 10.100, 1 1 3 7 5 3 5 2 0 4, 42 33 24 26 37 24 46 34 14 21, 0.341262 0.294798
chr10, 172562, indel;-1;+T, 1.100 2.100 3.100 4.100 5.100 6.100 7.100 8.100 9.100 10.100, 0 1 0 0 2 5 5 2 3 3, 12 24 12 21 31 20 37 13 15 16, 0.55533 0.137466
chr10, 317080, indel;+TATATA;+TA;-3;-2, 1.100 2.100 3.100 4.100 5.100 6.100 7.100 8.100 9.100 10.100, 3 2 2 3 12 9 7 7 2 9, 64 49 55 39 75 58 77 57 37 38, 0.247398 0.139344
chr10, 577187, indel;+A;-1;-2, 1.100 2.100 3.100 4.100 5.100 6.100 7.100 8.100 9.100 10.100, 0 2 1 2 2 1 5 5 3 7, 26 39 50 44 53 39 36 45 34 37, 0.297974 0.0856423
chr10, 649225, indel;-2;-1;+T, 1.100 2.100 3.100 4.100 5.100 6.100 7.100 8.100 9.100 10.100, 1 3 1 3 5 2 7 6 2 5, 22 33 26 14 29 30 36 23 17 23, 0.203036 0.297376
chr10, 722537, indel;+TT;-1;+T, 1.100 2.100 3.100 4.100 5.100 6.100 7.100 8.100 9.100 10.100, 1 3 2 3 10 3 5 3 2 0, 24 29 33 19 31 21 22 26 26 19, 0.198198 0.354167
chr11, 255587, indel;-1;+T, 1.100 2.100 3.100 4.100 5.100 6.100 7.100 8.100 9.100 10.100, 3 4 2 5 6 6 1 1 6 0, 60 49 36 54 49 44 53 43 28 39, 0 1
chr11, 510711, indel;-1;+T, 1.100 2.100 3.100 4.100 5.100 6.100 7.100 8.100 9.100 10.100, 1 2 2 3 9 4 3 5 1 4, 43 34 49 36 35 52 67 37 27 36, 0 1
chr11, 584835, indel;-2;-1;+T, 1.100 2.100 3.100 4.100 5.100 6.100 7.100 8.100 9.100 10.100, 1 5 1 1 1 10 2 5 1 2, 29 31 27 34 41 36 48 54 24 28, 0 1
chr11, 626629, indel;-1;+T, 1.100 2.100 3.100 4.100 5.100 6.100 7.100 8.100 9.100 10.100, 1 4 2 3 3 2 5 2 6 4, 26 46 28 43 42 30 70 52 22 46, 0 1
chr12, 5707, indel;-1, 1.100 2.100 3.100 4.100 5.100 6.100 7.100 8.100 9.100 10.100, 1 0 4 1 9 5 1 10 1 0, 27 24 33 20 53 61 22 97 38 16, 0.138161 0.666667
chr12, 65534, indel;+TT;+TTT;-2;-1;+T, 1.100 2.100 3.100 4.100 5.100 6.100 7.100 8.100 9.100 10.100, 1 3 7 8 8 6 11 4 1 7, 25 25 33 27 40 36 64 33 13 39, 0.244625 0.254364
chr12, 81387, indel;+A;-1;-2, 1.100 2.100 3.100 4.100 5.100 6.100 7.100 8.100 9.100 10.100, 0 1 1 6 4 2 6 5 1 4, 20 13 15 17 18 25 39 38 29 27, 0.277639 0.465753
chr12, 646384, indel;+A;-1;-3;-2, 1.100 2.100 3.100 4.100 5.100 6.100 7.100 8.100 9.100 10.100, 0 1 0 1 2 4 5 6 4 1, 15 14 9 12 14 15 27 12 18 10, 0.322601 0.290598
chr12, 757585, indel;+TT;-1;+T, 1.100 2.100 3.100 4.100 5.100 6.100 7.100 8.100 9.100 10.100, 1 3 5 1 0 0 1 8 0 3, 23 25 28 25 25 17 23 29 13 26, 0 1
chr12, 784522, indel;+TT;-1;+T, 1.100 2.100 3.100 4.100 5.100 6.100 7.100 8.100 9.100 10.100, 0 1 2 4 2 3 5 10 3 3, 15 27 21 26 28 22 39 31 13 30, 0.406375 0.227171
chr13, 39, indel;+C;-1, 1.100 2.100 3.100 4.100 5.100 6.100 7.100 8.100 9.100 10.100, 0 0 0 1 1 9 4 6 0 13, 19 21 22 16 24 41 40 36 36 35, 0 1
chr13, 21958, indel;-4;-6;+TA;-2, 1.100 2.100 3.100 4.100 5.100 6.100 7.100 8.100 9.100 10.100, 0 4 2 3 9 4 6 4 4 5, 17 34 21 29 29 23 17 31 24 28, 0 0.32381
chr13, 95588, indel;+A;-1;+AA;-2, 1.100 2.100 3.100 4.100 5.100 6.100 7.100 8.100 9.100 10.100, 0 7 11 5 6 5 7 11 3 6, 34 46 47 45 75 38 29 38 15 19, 0.226523 0.305389
chr13, 111799, indel;+A;-1, 1.100 2.100 3.100 4.100 5.100 6.100 7.100 8.100 9.100 10.100, 1 2 1 4 0 0 6 6 0 0, 43 44 35 32 40 13 55 32 21 26, 0 1
chr13, 171487, indel;-1;+T, 1.100 2.100 3.100 4.100 5.100 6.100 7.100 8.100 9.100 10.100, 2 3 0 9 3 2 5 3 2 1, 44 56 55 51 62 50 73 66 36 32, 0 1
chr13, 251661, indel;+A;-1;-3;-2, 1.100 2.100 3.100 4.100 5.100 6.100 7.100 8.100 9.100 10.100, 1 3 6 7 17 5 4 6 3 12, 28 19 33 32 60 42 27 40 16 35, 0 1
chr14, 23901, indel;-1;+T, 1.100 2.100 3.100 4.100 5.100 6.100 7.100 8.100 9.100 10.100, 0 1 1 4 1 1 6 2 1 6, 35 37 33 33 55 28 36 36 20 28, 0 1
chr14, 116768, indel;+A;-1;+AA;-2, 1.100 2.100 3.100 4.100 5.100 6.100 7.100 8.100 9.100 10.100, 0 2 0 1 7 2 6 4 0 3, 13 26 21 19 30 32 23 28 4 26, 0 1
chr14, 196371, indel;+A;-1;+AA;-2, 1.100 2.100 3.100 4.100 5.100 6.100 7.100 8.100 9.100 10.100, 0 1 0 0 0 2 7 5 1 2, 25 36 39 35 44 38 37 32 28 36, 0.91104 0.113586
chr14, 230798, indel;+A;-1, 1.100 2.100 3.100 4.100 5.100 6.100 7.100 8.100 9.100 10.100, 1 0 0 1 5 7 1 1 1 1, 29 20 24 22 28 32 36 42 22 28, 0.693129 0.198058
chr14, 301183, indel;+TT;-2;-1;+T, 1.100 2.100 3.100 4.100 5.100 6.100 7.100 8.100 9.100 10.100, 0 3 0 4 2 6 2 6 3 2, 25 26 26 29 29 27 52 35 18 34, 0 1
chr14, 606161, indel;-4;+AT;+ATAT;-2, 1.100 2.100 3.100 4.100 5.100 6.100 7.100 8.100 9.100 10.100, 1 3 4 3 4 5 2 6 1 2, 31 25 23 17 31 21 31 41 18 20, 0 0.439655
chr14, 639016, indel;+A;-1, 1.100 2.100 3.100 4.100 5.100 6.100 7.100 8.100 9.100 10.100, 2 4 4 2 2 2 1 5 2 6, 52 49 31 46 52 42 28 27 20 26, 0 1
chr14, 663741, indel;+A;-1, 1.100 2.100 3.100 4.100 5.100 6.100 7.100 8.100 9.100 10.100, 2 4 2 6 6 0 4 1 0 3, 43 48 39 31 51 46 55 44 33 39, 0.355531 0.483412
chr15, 33840, indel;+TT;-2;-1;+T, 1.100 2.100 3.100 4.100 5.100 6.100 7.100 8.100 9.100 10.100, 0 2 10 5 4 3 3 3 2 4, 12 36 28 36 30 34 30 32 12 29, 0 1
chr15, 1003682, indel;-4;+AT;-2, 1.100 2.100 3.100 4.100 5.100 6.100 7.100 8.100 9.100 10.100, 0 5 1 0 2 0 5 2 1 0, 30 42 38 32 55 19 29 28 22 32, 0 1
chr15, 977959, indel;+A;-1;+AA;-3, 1.100 2.100 3.100 4.100 5.100 6.100 7.100 8.100 9.100 10.100, 0 4 4 7 4 4 5 2 4 1, 14 21 23 18 24 15 18 24 17 12, 0 0.375
chr16, 40127, indel;+A;-1, 1.100 2.100 3.100 4.100 5.100 6.100 7.100 8.100 9.100 10.100, 0 0 3 1 3 6 6 1 0 0, 48 28 33 37 45 36 47 38 25 29, 0.635839 0.207317
chr16, 143324, indel;+A;-1, 1.100 2.100 3.100 4.100 5.100 6.100 7.100 8.100 9.100 10.100, 0 1 5 5 1 3 0 5 0 2, 28 34 34 35 39 26 38 24 16 21, 0 1
chr16, 188829, indel;+T;-1;-2, 1.100 2.100 3.100 4.100 5.100 6.100 7.100 8.100 9.100 10.100, 0 1 1 1 5 1 0 6 0 3, 12 14 4 7 22 12 13 28 10 8, 0 1
chr16, 215686, indel;+C;-1;+T, 1.100 2.100 3.100 4.100 5.100 6.100 7.100 8.100 9.100 10.100, 1 1 6 1 3 7 1 2 2 2, 28 23 32 28 28 34 29 26 15 24, 0 1
chr16, 359485, indel;C;+TT;+T;+TTT;-1;T;-2, 1.100 2.100 3.100 4.100 5.100 6.100 7.100 8.100 9.100 10.100, 0 2 1 4 9 4 2 1 1 11, 10 14 13 13 32 17 18 10 10 17, 0 1
chr16, 572993, indel;+A;-1;+AA, 1.100 2.100 3.100 4.100 5.100 6.100 7.100 8.100 9.100 10.100, 2 6 1 2 1 0 9 1 2 1, 43 45 46 29 31 32 44 32 35 28, 0 1
chr16, 593432, indel;-1;+T, 1.100 2.100 3.100 4.100 5.100 6.100 7.100 8.100 9.100 10.100, 0 1 1 3 5 0 8 2 1 3, 38 20 25 37 28 32 61 40 22 41, 0 1
