BY4742, 0, Depth, 100.0 200.0 300.0 400.0 500.0 600.0 700.0 800.0 900.0, 0 0 0 0 0 0 0 0 0, 22.0 5.0 28.0 37.0 37.0 18.0 7.0 22.0 34.0, 0 1
TACAGGGGATGAAGCT_GTTGATTGGACGGATG, 0, , 100 210 320 430 540 650 760 870 980, 0.0 0.0 0.0 1.0 1.0 1.0 0.0 7.0 9.0, 17.0 3.0 32.0 27.0 33.0 11.0 10.0 29.0 30.0, 0.915923 0.0776847
TACAGGGGATGAAGCT_GTTGATTGGACGGATG, 1, , 100 210 320 430 540 650 760 870 980, 0.0 0.0 0.0 0.0 2.0 0.0 1.0 5.0 14.0, 19.0 4.0 39.0 31.0 47.0 12.0 4.0 26.0 47.0, 0.935519 0.134211
TACAGGGGATGAAGCT_GTTGATTGGACGGATG, 2, , 100 210 320 430 540 650 760 870 980, 0.0 0.0 1.0 0.0 2.0 0.0 1.0 6.0 10.0, 20.0 5.0 23.0 41.0 41.0 17.0 5.0 15.0 30.0, 1.01057 0.0992218
TACAGGGGATGAAGCT_GTTGATTGGACGGATG, 3, , 100 210 320 430 540 650 760 870 980, 0.0 0.0 1.0 1.0 1.0 1.0 1.0 7.0 10.0, 26.0 2.0 25.0 41.0 32.0 17.0 7.0 20.0 32.0, 0.987631 0.072238
TACAGGGGATGAAGCT_GTTGATTGGACGGATG, 4, , 100 210 320 430 540 650 760 870 980, 0.0 0.0 0.0 0.0 3.0 3.0 2.0 11.0 7.0, 18.0 1.0 26.0 33.0 30.0 15.0 8.0 24.0 29.0, 0.845191 0.035189
TTTGGCAACCTGGGTG_TATTGCAGTTATGCAG, 0, , 100 210 320 430 540 650 760 870 980, 0.0 0.0 0.0 5.0 2.0 5.0 1.0 4.0 3.0, 30.0 3.0 20.0 44.0 34.0 19.0 7.0 36.0 30.0, 0 1
TACAGGGGATGAAGCT_GTTGATTGGACGGATG_ATTACATATGCACGCC_ATTTCGGGGACGCGCC, 0, , 100 210 320 430 540 650 760 870 980, 0.0 0.0 0.0 0.0 0.0 2.0 0.0 5.0 13.0, 21.0 3.0 23.0 34.0 39.0 21.0 5.0 24.0 39.0, 0.990955 0.0514632
TACAGGGGATGAAGCT_GTTGATTGGACGGATG_ATTACATATGCACGCC_ATTTCGGGGACGCGCC, 3, , 100 210 320 430 540 650 760 870 980, 0.0 0.0 0.0 0.0 1.0 2.0 0.0 8.0 5.0, 16.0 3.0 19.0 44.0 46.0 22.0 14.0 22.0 23.0, 1.09585 0.031967
TACAGGGGATGAAGCT_GTTGATTGGACGGATG_ATTACATATGCACGCC_ATTTCGGGGACGCGCC, 5, , 100 210 320 430 540 650 760 870 980, 0.0 0.0 0.0 0.0 0.0 1.0 2.0 9.0 14.0, 23.0 4.0 25.0 28.0 32.0 14.0 8.0 24.0 42.0, 1.08801 0.013961
TACAGGGGATGAAGCT_GTTGATTGGACGGATG_ATTACATATGCACGCC_ATTTCGGGGACGCGCC, 6, , 100 210 320 430 540 650 760 870 980, 0.0 0.0 0.0 0.0 0.0 2.0 0.0 11.0 5.0, 31.0 7.0 28.0 25.0 42.0 17.0 6.0 36.0 31.0, 0.972725 0.0525169
TACAGGGGATGAAGCT_GTTGATTGGACGGATG_ATTACATATGCACGCC_ATTTCGGGGACGCGCC, 7, , 100 210 320 430 540 650 760 870 980, 0.0 0.0 0.0 0.0 0.0 1.0 0.0 10.0 8.0, 21.0 6.0 22.0 29.0 28.0 25.0 5.0 24.0 39.0, 0.956307 0.062963
